station,n_doc,n_calendar_months,eligible,doc_median,doc_mean,doc_cv,doc_iqr,q90_fraction,harmonic_amplitude,peak_month,cq_slope,n_doc_flow,median_year,record_span,median_flow,median_temperature,flow_available,temperature_available,basin_area_km2,basin_aspect,basin_elongation,basin_compactness,network_axis_ratio,channel_length_km,drainage_density,mainstem_length_km,mainstem_share,mainstem_sinuosity,side_imbalance,tributary_alignment,mainstem_gap_max_m,outlet_x,outlet_y,n_reaches,n_junctions,junction_frequency,hierarchy_order,tributary_balance,confluence_position,n_mainstem_junctions,n_divergent_reaches,comid,network_definition,huc_cd,vaa_area_km2,cluster,classification_status,latitude,longitude,wetland,forest,agriculture,urban,precipitation,climate_temperature,huc2,huc4,log_flow,log_n_doc,log_polygon_area,log_basin_aspect,log_network_axis_ratio,log_drainage_density,represented_area_km2,total_area_km2,represented_area_fraction,represented_reaches,drainage_mean_distance_km,near_drainage_fraction,wetland_area_km2,wetland_pct,wetland_mean_distance_km,wetland_distance_ratio,wetland_near_excess,wetland_riparian_enrichment,wetland_riparian_area_coverage,forest_area_km2,forest_pct,forest_mean_distance_km,forest_distance_ratio,forest_near_excess,forest_riparian_enrichment,forest_riparian_area_coverage,n_upstream_reaches,reachable_reaches,catchment_area_ratio,area_unit,distance_unit,mapping_status,inclusion_status,included
03010958,27,12,True,2.0999999046325684,2.403703693990354,0.4525536804483079,1.3499999642372131,0.0,0.564571309164129,7.0,,0,2013.0,5,,11.35,0.0,0.9629629629629628,318.08561115916797,1.053559287253231,0.922727872867039,0.5121604576984372,1.2355619638599795,240.83058286022188,0.7571250456208528,25.184551822526444,0.1045737278190435,1.292869815383869,0.2293650689204797,0.1495756195062372,0.0,1421695.9225573326,2239375.391188385,186,62,0.194916078643292,5.0,0.1996492353962808,0.4390306258290287,18,2,8971114,primary_and_secondary_downstream_links,5010001,318.0924,3.0,classified,41.9770076,-78.62474909,1.1800000000000002,86.14,2.23,7.289999999999999,1209.7015301085742,7.247439131493988,05,0501,,3.332204510175204,5.7654594403188195,0.0521742291411337,0.2115258980500882,-0.2782268534256499,318.0924,318.0924,1.0,185,13.86688831499904,1.0,3.75120081,1.179280237440442,11.879961231378331,0.8567142794774255,0.0,5.028169465894482,1.0,274.00169502,86.13902596226757,14.16384487315452,1.021414794105919,0.0,-11.630387469078428,0.9963513605674146,186,186,1.0,km2,channel km; reach midpoint to receiving outlet,area_consistent,included_landscape,True
03016000,34,12,True,2.950000047683716,3.029411757693571,0.265835097395549,0.975000023841858,0.0,0.3748799506321247,8.0,0.0268197546304597,34,2011.5,7,5865.9892578125,10.2,1.0,1.0,9481.475087201072,1.564046933335837,0.7149399234961265,0.2166436301973168,1.7986609683689438,6298.0621563189725,0.6642491910167702,276.0645394753534,0.0438332510260115,2.0960163061114536,0.7987273596894467,0.0239728799064927,0.0,1366128.1217171776,2181476.2516717645,3926,1338,0.1411172826690385,6.0,0.1714943703889782,0.5600300090270881,198,159,10220190,primary_and_secondary_downstream_links,5010003,9481.4703,3.0,classified,41.5708949,-79.4078243,4.33,72.67999999999999,13.99,6.16,1181.1747728264943,7.597419940998744,05,0501,8.677096877973527,3.5553480614894135,9.157200646320064,0.4472766501996226,0.5870424816047075,-0.4090979122326507,9474.4206,9481.4703,0.9992564760762896,3814,138.3696818523446,0.0617504251394539,410.47866936,4.332493634069825,128.4635725220646,0.9284083825469016,-0.0278161001677861,9.730952592340987,1.0,6884.59487292,72.66507540228898,139.92219147172477,1.0112200129291102,0.0092091401185665,-12.835434222790669,0.9968486967429416,3926,3926,1.0,km2,channel km; reach midpoint to receiving outlet,area_consistent,included_landscape,True
03024000,29,12,True,3.4000000953674316,3.4810344761815566,0.2157143499067237,1.0999999046325684,0.0,0.209353591417489,7.0,0.1357015304972449,29,1997.0,2,2143.0,12.0,1.0,1.0,2666.2024640088025,1.9701741816759064,0.6164256109892744,0.1913308624206383,2.1583715688938305,2221.6232655323615,0.8332537740558577,173.0760451739793,0.0779052181615075,2.0958265360925075,0.992932550295812,0.1146125909849891,0.0,1324683.123476616,2159711.249960012,1431,530,0.1987846036280049,5.0,0.1466612185393253,0.3836444018764433,116,42,9053487,primary_and_secondary_downstream_links,5010004,2666.1888,3.0,classified,41.43755525,-79.9558912,8.92,50.71,30.49,8.45,1205.316502517446,8.678296622407109,05,0501,7.670428522190693,3.4011973816621555,7.88878543581464,0.678121955935705,0.7693540340781823,-0.1824170324845841,2666.1888,2666.1888,1.0,1408,83.37886831107008,0.2563852942447286,237.8543598,8.921137160279121,91.02140059900212,1.0916603024572038,-0.0616192176466237,13.07893606591274,1.0,1352.14652124,50.71458259970186,82.85230806945701,0.9936847278899424,0.0055158532768007,-2.4464157117032457,0.9997575880575476,1431,1431,1.0,km2,channel km; reach midpoint to receiving outlet,area_consistent,included_landscape,True
03025490,35,12,True,4.099999904632568,4.231428561891828,0.3023173983498776,1.7999999523162842,0.0,0.3842665428601937,9.0,,0,2011.0,7,,15.1,0.0,0.9428571428571428,3202.639656729851,1.6431356413873173,0.6689243057808643,0.2142039480836017,1.7369990172975425,2613.852991222961,0.8161558187573035,188.39469120265332,0.0720754731942701,2.2675230163540054,0.9891641662396128,0.1213206464751515,0.0,1336064.1624734502,2156997.8419536734,1706,616,0.1923413390281268,5.0,0.1530215805061445,0.4113940710394935,123,57,9053513,primary_and_secondary_downstream_links,5010004,3202.6014,3.0,classified,41.4017246,-79.8314437,8.02,53.78999999999999,28.42,8.36,1200.9319921623155,8.699549256797937,05,0501,,3.58351893845611,8.072042835174837,0.4966063927913103,0.5521589215118548,-0.2031499878880525,3202.6014000000005,3202.6014000000005,1.0,1677,86.66977242706506,0.280965904779783,256.58312021999996,8.011709487793265,101.12300730661244,1.1667621187272663,-0.123894219801269,12.467833631627174,1.0,1722.45311712,53.7829377430485,82.74333740817585,0.9546966040300452,0.0423859631719283,-2.498349424931426,0.9997938793347254,1706,1706,1.0,km2,channel km; reach midpoint to receiving outlet,area_consistent,included_landscape,True
03030852,35,12,True,2.299999952316284,2.8028571503502984,0.5760141838104699,1.5500000715255735,0.0,0.6712830980523931,9.0,,0,2011.0,7,,12.2,0.0,1.0,3004.2999400204126,2.1501237469116923,0.5708560828039411,0.2212309932714667,2.7068220355457133,2448.377451893298,0.8149577275152702,171.03235406066872,0.0698553868515704,1.6041776212682437,0.283397622836589,0.1235045011196405,0.0,1362558.1264749842,2131601.253830745,1655,558,0.1857337852878327,5.0,0.1279174491073038,0.5334644627307841,107,15,6877337,primary_and_secondary_downstream_links,5010005,3004.2972,1.0,classified,41.1297847,-79.5542134,1.34,78.78999999999999,9.86,6.14,1196.484681130211,8.065019146510231,05,0501,,3.58351893845611,8.008132655638976,0.7655253971863606,0.9957752661532424,-0.2046190351658927,3004.2972,3004.2972,1.0,1621,97.60883688694314,0.2574212697731769,40.17994281,1.3374157127330812,123.7436287280299,1.2677502639577374,-0.200887920018516,4.567261051648009,1.0,2366.96567454,78.78600274766424,101.16292720272624,1.0364115630216932,-0.0431330167597179,1.665244897908252,0.9950488278578656,1655,1655,1.0,km2,channel km; reach midpoint to receiving outlet,area_consistent,included_landscape,True
03037525,30,12,True,2.0,2.0683333297570545,0.3830136091508777,0.8249999582767487,0.0,0.4448050228063401,8.0,0.0545380878116019,29,1997.0,2,46.16666793823242,13.25,0.9666666666666668,0.9666666666666668,88.0572695540857,2.529661853854409,0.5709603844444386,0.3133559323246904,3.0590732082053096,78.87810649858183,0.8957591678462624,22.106170103305818,0.2802573627157653,1.2814459489029,0.0458046448682224,0.3844222825532467,0.0,1395256.5382664965,2091632.4925552888,42,17,0.1930561790762592,3.0,0.1724369831622995,0.4534228970069504,12,0,4741851,primary_and_secondary_downstream_links,5010006,88.0587,1.0,classified,40.7189537,-79.2364269,0.08,62.150000000000006,29.3,7.61,1189.6556272968835,9.832972859505023,05,0501,3.853687455374174,3.4339872044851463,4.489279640924649,0.928085639203856,1.1181119969534383,-0.1100836880224748,88.05870000000002,88.05870000000002,1.0,42,12.29501914291262,1.0,0.06874704,0.078069560418221,8.987696408747198,0.7310030431248327,0.0,0.3201572005139603,1.0,54.737212500000005,62.15991435258526,11.898030924343288,0.9677114599046251,0.0,-11.785404795109471,1.0,42,42,1.0,km2,channel km; reach midpoint to receiving outlet,area_consistent,included_landscape,True
03040000,30,12,True,1.1500000357627869,1.3094444592793784,0.4795470837298947,0.2999999523162842,0.0,0.1194799039769378,10.0,0.1240613730157699,30,1997.0,2,894.763427734375,13.5,1.0,0.9666666666666668,1175.2159647133053,1.2202309325920642,0.8827542288118375,0.4322891489501511,1.1064693257693354,838.8285077283338,0.7137654124133401,68.90875389901134,0.0821487983111422,1.6336938969742378,0.0610566036082913,0.0505607707131655,0.0,1432260.4757271956,2049914.520964903,461,190,0.1616724123096393,5.0,0.1811959188876135,0.499555716021701,39,6,4753658,primary_and_secondary_downstream_links,5010007,1175.2047,3.0,classified,40.28563049,-78.9205806,0.8200000000000001,61.88,21.92,9.4,1169.4700715936162,8.70434836284205,05,0501,6.797676346566009,3.4339872044851463,7.07005775506187,0.1990401298421496,0.1011741582714203,-0.3372009246711984,1175.2047,1175.2047,1.0,458,38.77568797342285,0.7379013205103758,9.62731557,0.8192032902863646,50.35467765804679,1.298614680739134,-0.2233826611827892,2.6532500261016,1.0,727.1383137299999,61.8733326823829,37.580349117536976,0.9691729813612806,0.0503420404258018,7.548111118262241,0.993323490403143,461,461,1.0,km2,channel km; reach midpoint to receiving outlet,area_consistent,included_landscape,True
03049625,48,12,True,2.149999976158142,2.810416648785273,0.9601140221908387,0.8999999761581421,0.0208333333333333,0.2502369776522314,8.0,,0,1996.5,22,,13.5,0.0,1.0,29741.567537209623,1.4491429588015672,0.6950815350734357,0.2124733203854766,1.6176938773444562,22617.028729359707,0.76045180540883,503.7303127158617,0.0222721701751193,2.331435547930834,0.4351868580678509,0.0605048030164762,0.0,1356753.1262506866,2064641.1269139776,14460,5062,0.1701995025536882,7.0,0.1515231903746765,0.5392688021180785,332,279,11050030,primary_and_secondary_downstream_links,5010009,29741.5458,3.0,classified,40.5645116,-79.7725485,2.88,68.88,17.16,7.97,1183.6647912888304,8.503917743299052,05,0501,,3.8918202981106265,10.300334549078864,0.3709723187904781,0.4810016025558787,-0.2738425415343796,29733.5421,29741.5458,0.999730891593402,14164,239.8984036687173,0.0299114312384598,855.74820573,2.8780567173999767,302.9073154135996,1.2626483160425408,-0.0292925384070711,6.061331039788225,1.0,20478.457096110003,68.87325104838419,245.61687287453412,1.0238370456758588,-0.0058965016023097,-1.576423769264693,0.997892017681164,14460,14460,1.0,km2,channel km; reach midpoint to receiving outlet,area_consistent,included_landscape,True
03049646,30,12,True,2.024999976158142,2.4390000144640607,0.4135982416395195,1.100000023841858,0.0,0.4063205977456797,10.0,,0,1997.0,2,,13.1,0.0,1.0,70.56328032946087,1.609548049844968,0.7632787794842159,0.4764735785827385,1.8897203832058271,65.8219903122452,0.93280797044754,17.411529555928023,0.2645245072859619,1.4503272037851396,0.4287315413906232,0.1315671134779019,0.0,1347895.0494102505,2066490.6637445043,30,14,0.19840347464905,3.0,0.3231764587602892,0.4429777462703015,8,0,11049558,primary_and_secondary_downstream_links,5010009,70.5627,3.0,classified,40.58256728,-79.8611626,0.08,52.67,12.23,33.82000000000001,1084.089260647131,10.573689001591646,05,0501,,3.4339872044851463,4.270582097856248,0.4759534252067069,0.6364288727328095,-0.069555918774537,70.56269999999999,70.56269999999999,1.0,30,9.81800297182506,1.0,0.0581607,0.0824241419333444,7.015374173281959,0.7145418669574792,0.0,0.324938612370255,1.0,37.16374463999999,52.667690777138624,9.676222138933523,0.985559096559819,0.0,10.537981210341805,1.0,30,30,1.0,km2,channel km; reach midpoint to receiving outlet,area_consistent,included_landscape,True
03049652,44,12,True,2.299999952316284,2.41022728248076,0.2657965002099698,0.8499999940395355,0.0,0.2945164249334324,9.0,,0,2013.0,7,,14.85,0.0,1.0,29863.17173128384,1.4491429588015672,0.6965010736855691,0.2144839901873675,1.6219770106039195,22720.113327875424,0.7608071082441138,512.1685589435991,0.0225425177926034,2.2986008803325535,0.4097229479942916,0.0600707367574492,0.0,1350318.1268173074,2061011.129957206,14525,5089,0.1704105660909722,7.0,0.1513100901796492,0.5404695220077651,336,279,11050050,primary_and_secondary_downstream_links,5010009,29863.1466,3.0,classified,40.52756794,-79.8472722,2.87,68.83,17.11,8.07,1183.3474430209808,8.51280686165518,05,0501,,3.80666248977032,10.304414771022698,0.3709723187904781,0.4836457821056737,-0.2733754246766828,29855.1429,29863.1466,0.999731987385415,14229,247.38629398388684,0.0246472509766483,855.7482057300001,2.866334314983299,311.3463154135996,1.2585431084305694,-0.0241779805799228,6.032029228750369,1.0,20548.37699793,68.82692562134747,253.24681196861363,1.02368974404503,-0.0047382485862789,-1.5772510014527654,0.9979016916782564,14525,14525,1.0,km2,channel km; reach midpoint to receiving outlet,area_consistent,included_landscape,True
03072000,30,12,True,2.299999952316284,2.3233333388964335,0.4084318728382647,1.1249999105930328,0.0,0.4119123849467342,8.0,-0.0479776708412599,30,1997.0,2,276.4032287597656,14.075,1.0,1.0,589.5793974468667,1.7570539732302983,0.6792458243682885,0.3536762167124931,1.9862404681248005,556.8042403029569,0.9444092563514934,68.09878750232086,0.1223029254685064,1.9719137610898572,0.5512358341306056,0.2266497911437471,0.0,1353992.8558521753,1975107.9738418232,309,138,0.2340651667911049,4.0,0.1706875244488035,0.5142170279315703,43,0,3787957,primary_and_secondary_downstream_links,5020005,589.5675,3.0,classified,39.7592449,-79.9706152,0.06,80.51,10.54,6.6,1164.916199946859,11.07989364156328,05,0502,5.625472147177686,3.4339872044851463,6.381104084595138,0.5636385277031469,0.6862436399270286,-0.057195672514816,589.5675,589.5675,1.0,309,45.10101684692592,0.5096561462427968,0.38374713,0.0650896004274319,39.070947315540835,0.8662985902989437,0.0989627638191494,0.1269391592292837,1.0,474.60124494,80.49989949242453,46.013673641506735,1.0202358363155846,-0.0222274113071231,-13.622012152877431,1.0,309,309,1.0,km2,channel km; reach midpoint to receiving outlet,area_consistent,included_landscape,True
03083500,105,12,True,1.7999999523162842,1.914761902037121,0.2807344020853281,0.7000000476837158,0.0,0.2562434725827863,8.0,0.0558467157514418,105,2010.0,19,3019.89990234375,13.4,1.0,1.0,4434.809692414013,1.6938033267647743,0.6147203701820476,0.2588816677322391,1.770502722485826,3464.861190478169,0.7812874578147075,202.5962011915508,0.0584716645354532,2.311613373386069,0.4132151089315081,0.0406920685308979,0.0,1359378.2097215971,2030217.8417412937,2050,805,0.1815184992891571,6.0,0.1556015541492051,0.4904041774697625,117,22,3806147,primary_and_secondary_downstream_links,5020006,4434.8382,3.0,classified,40.2402222,-79.8066944,1.43,62.97999999999999,21.48,10.76,1235.1093125879106,9.270251175555916,05,0502,8.013310046889949,4.663439094112067,8.397465446831784,0.5269764895870166,0.5712635302618478,-0.246812133078073,4434.8382,4434.8382,1.0,2019,109.62818508652693,0.1743516820974438,63.33263766,1.4280709871219202,155.86934949174938,1.4217999629267366,-0.1504820841167681,3.0572086837916914,1.0,2793.38545332,62.987313794672374,111.47486703908574,1.016844955985555,-0.0514681368595223,5.388304103239427,0.99660307963733,2050,2050,1.0,km2,channel km; reach midpoint to receiving outlet,area_consistent,included_landscape,True
03085000,127,12,True,1.899999976158142,1.944881881315877,0.297489588825076,0.7999999523162842,0.0,0.2848412910398541,8.0,0.0021561111910419,50,2010.0,38,14462.607421875,15.3,0.3937007874015748,1.0,18999.485933374,1.7758235850690365,0.682845628085051,0.2365621823814108,1.8797888809232357,15811.915319484737,0.8322285863382196,411.31598989280434,0.0260130402662824,1.8991582910704592,0.1122632316971347,0.0551168630964904,0.0,1351849.2334734066,2045848.4980989983,9543,3673,0.1933210199939201,7.0,0.1474157402896497,0.5285853181753062,237,110,3785861,primary_and_secondary_downstream_links,5020005,18999.5688,3.0,classified,40.39113189,-79.8580943,0.83,69.88,15.04,10.82,1266.3113026726091,10.094175165893162,05,0502,9.579390940523778,4.852030263919617,9.852219833262268,0.5742643069047575,0.6311594731547773,-0.1836481327009531,18997.2747,18999.5688,0.9998792551544644,9377,199.06496467147204,0.059411742885415,158.80619493,0.8359419834572376,242.14510627739443,1.2164124745759253,-0.057884114822121,1.3373113870252882,1.0,13274.27368047,69.87462091323025,212.1436114652357,1.065700394920563,-0.0226558878160832,-2.3290802019164687,0.9981921885289854,9543,9543,1.0,km2,channel km; reach midpoint to receiving outlet,area_consistent,included_landscape,True
03086000,107,12,True,2.180000066757202,2.6329750914439978,1.27501010563724,0.807499885559082,0.0093457943925233,0.3413402267996143,9.0,0.0039860959043122,107,2005.0,15,28445.162109375,14.4,1.0,1.0,50495.5958406389,2.437087401185971,0.5385433920566247,0.1640555865908602,3.156058943253448,39799.75339604745,0.7881826668934278,553.9555852822612,0.0139185682828194,2.2716631825635214,0.2823994808396841,0.0563966865360674,0.0,1320325.187422963,2058625.4759628903,24813,9052,0.1792631584854959,8.0,0.1494472568440171,0.5422192374220068,358,394,3821223,primary_and_secondary_downstream_links,5030101,50495.6538,1.0,classified,40.5491864,-80.20560508,2.01,68.15,16.11,10.510000000000002,1210.3037042617586,9.182776339672213,05,0503,10.255768530959994,4.68213122712422,10.829661203895096,0.8908036382535408,1.1493240793787565,-0.2380254052097633,50485.356,50495.6538,0.9997960656170372,24344,262.1953607142119,0.020410148241799,1016.03692674,2.012537906516892,341.49499842559607,1.3024448544603322,-0.0199612416341785,3.9243632342781742,1.0,34404.09622965,68.14668441607107,274.0758112064023,1.045311444336118,-0.0119950517661505,-1.5831546612918572,0.998085262733003,24813,24813,1.0,km2,channel km; reach midpoint to receiving outlet,area_consistent,included_landscape,True
03104500,39,12,True,4.900000095367432,4.9410256544748945,0.1963135319459423,1.249999761581421,0.0,0.2602313998790903,8.0,,0,2012.0,7,,12.8,0.0,1.0,2054.1271365618536,1.6396327661213776,0.6477381038202016,0.2324815874395389,1.8657077413350704,1915.3951374273936,0.9324618244581168,137.87279104454967,0.0719813830318737,1.6123448083631298,0.5030845398300445,0.0864211151456827,0.0,1299943.0947077754,2106273.257916785,1267,454,0.2210184520320849,6.0,0.1044131609302383,0.5172924011465476,109,15,12998732,primary_and_secondary_downstream_links,5030102,2054.1078,3.0,classified,41.0000608,-80.3503425,6.390000000000001,40.8,33.96,13.83,1098.584148070831,9.455865649882856,05,0503,,3.688879454113936,7.62809299195673,0.4944722936648662,0.6236404670797364,-0.0699270672210965,2054.1078,2054.1078,1.0000000000000002,1244,80.63559232227244,0.1926315162232479,131.21056935,6.387715841885221,90.47906486267668,1.1220735441622762,-0.0978216255137842,6.617318252497253,1.0,838.0196581499999,40.79725797010263,79.74812032523215,0.9889940413224302,-0.0004529218266314,7.420456536052683,1.0,1267,1267,1.0,km2,channel km; reach midpoint to receiving outlet,area_consistent,included_landscape,True
03107500,78,12,True,4.5,4.724358980472271,0.2260052952392904,1.3000001907348633,0.0,0.2373847457041559,8.0,0.108492142984883,78,2012.0,37,3237.167724609375,13.8,1.0,1.0,8089.256138983861,1.1377945431285574,0.8022648372583209,0.198380455844318,1.3155247578158442,6936.343282284619,0.8574760352632292,193.69823313005503,0.0279251221064504,3.8370580312955513,0.9525674559646344,0.0351144515293374,0.0,1307909.1249767018,2079346.376302846,4581,1593,0.1969278723074413,7.0,0.1303639958134667,0.4878595712877245,113,47,19464254,primary_and_secondary_downstream_links,5030104,8089.2558,3.0,classified,40.763351,-80.31505239,4.4399999999999995,42.02,30.71,18.85,1073.520182698386,9.699234807470452,05,0503,8.082762931725398,4.3694478524670215,8.998415670735987,0.1290917773381644,0.2742356414015742,-0.1537620475474657,8089.2558,8089.2558,1.0,4508,96.799921135613,0.1197434997666905,359.13541203,4.439659480542079,113.96483125840018,1.1773235961498336,-0.0790384253565433,5.874061181203382,1.0,3398.8232325599997,42.016513219423715,93.27956863366168,0.963632692458298,0.0140717845390581,8.68408037809661,1.0,4581,4581,1.0,km2,channel km; reach midpoint to receiving outlet,area_consistent,included_landscape,True
03176500,25,12,True,1.7000000476837158,2.703333339691162,1.1406225172846065,0.7000000476837158,0.08,0.3344254026108085,7.0,-0.1264973742049504,25,1997.0,19,6203.0,13.55,1.0,1.0,9799.801430745134,2.0075718203537036,0.5914615148512667,0.1783432757277742,2.0783724775931387,8231.65215677879,0.8399815256412692,422.1769214540696,0.0512870215375179,2.716636430737799,0.4704363624867012,0.0694695749656482,0.0,1321875.250081794,1698227.3735985595,4813,1760,0.1795954757285502,6.0,0.1301707535742877,0.4750662083752943,210,69,6908699,primary_and_secondary_downstream_links,5050002,9799.7994,1.0,classified,37.3728986,-80.8606347,0.16,62.25,25.75,8.65,1205.1313163807513,11.25034815283716,05,0505,8.73294952429643,3.258096538021482,9.190219439962435,0.6969259422156221,0.7315851247339044,-0.1743753806708369,9794.6685,9799.7994,0.999476428058313,4738,176.19001739236506,0.0755596475776592,15.6832191,0.1601199581180312,181.5882704532085,1.0306388133717124,-0.0296777686463114,0.585088051427223,1.0,6094.76516973,62.22533381022544,177.02775212147571,1.0047547230059295,0.0121682658742854,-4.695009048735621,0.9979917611230392,4813,4813,1.0,km2,channel km; reach midpoint to receiving outlet,area_consistent,included_landscape,True
03185400,24,12,True,1.7999999523162842,1.799583320816358,0.2157557914844818,0.4249999821186065,0.0,0.2426929563024555,10.0,0.0985098048790117,24,1997.0,6,8851.9892578125,15.433333,1.0,1.0,17070.22114716791,2.5853430102583768,0.4548465499040151,0.1020082479977487,2.7623756243631767,13656.779867258245,0.8000353217172007,534.1264363836269,0.0391107158184617,2.5413370578254293,0.849434358767454,0.0447606389039359,0.0,1293465.2542331826,1759532.3713351707,8173,2992,0.1752759952085563,6.0,0.1302699704142011,0.4786408942914963,271,87,6920810,primary_and_secondary_downstream_links,5050004,17070.2685,1.0,classified,37.95511285,-81.07648838,0.2,68.86,19.86,8.13,1176.9563556148833,10.950286113288682,05,0505,9.088510450215136,3.218875824868201,9.745149350849472,0.949858191713946,1.0160910429753534,-0.2230994001423862,17051.4387,17070.2685,0.998896924204795,7992,231.619526568767,0.0347767077273074,34.249337999999995,0.2008589339737062,249.0171302919408,1.075112854174704,0.0152006170898904,0.6463519481033013,1.0,11736.26954064,68.82861761477054,227.1362574075327,0.980643820373654,0.0037995951866856,-4.12756283200045,0.996182567519746,8173,8173,1.0,km2,channel km; reach midpoint to receiving outlet,area_consistent,included_landscape,True
03198350,42,12,True,1.100000023841858,1.1555555505411963,0.2712529523544975,0.5,0.0,0.3301323046195323,9.0,0.0081167193914765,42,1998.0,4,45.68548583984375,10.816667,1.0,1.0,164.40024629854676,2.1091520709621316,0.5826543458024761,0.3667839366458912,2.3683365839840333,112.66067994206556,0.6852829145856423,35.18207706867207,0.3122835499196706,1.579594149629635,0.1367297757576938,0.1335027757309273,0.0,1254119.730991642,1755072.5718571472,61,22,0.1338197508539527,3.0,0.196860540433231,0.5686029204829482,14,0,6929270,primary_and_secondary_downstream_links,5050009,164.394,1.0,classified,37.9662186,-81.524278,0.01,84.19,0.35,2.59,1299.600289534538,11.59028385123063,05,0505,3.843433320647162,3.7612001156935624,5.108368271696987,0.7462860046165057,0.8621878454278097,-0.3779235119930761,164.39399999999998,164.39399999999998,1.0,61,21.06257638234972,1.0,0.010701,0.0065093616555348,25.787304659377625,1.2243186299368007,0.0,0.0373798303849176,1.0,138.39762159,84.18654062192051,20.836552122185388,0.989268916771562,0.0,-7.307218711338095,1.0,61,61,1.0,km2,channel km; reach midpoint to receiving outlet,area_consistent,included_landscape,True
03201300,56,12,True,1.899999976158142,2.21696429167475,0.6204265236463931,0.6499999463558197,0.0178571428571428,0.2609352645563108,8.0,,0,1997.0,23,,13.325,0.0,1.0,30342.50952271011,1.4641119999377197,0.6650436552641712,0.1189137442367972,1.8781801955099937,24321.383080457403,0.8015613560985738,681.2505598114436,0.028010354409443,2.5333488038184155,0.9746826003955572,0.036922241972401,0.0,1212147.9395094605,1811790.4148186536,14694,5432,0.1790227665887152,6.0,0.138808768387655,0.4786923867132144,354,201,19314268,primary_and_secondary_downstream_links,5050008,30342.5469,3.0,classified,38.52564467,-81.9109681,0.26,75.85000000000001,12.4,7.17,1241.4614625738689,11.121214700863026,05,0505,,4.04305126783455,10.32033791934112,0.3812489153026375,0.6303033269338877,-0.2211937582734648,30312.5112,30342.5469,0.9990101127601784,14384,280.1295287235655,0.0230157341764545,78.29397981,0.2582893224959864,292.33697103309754,1.0435778490227583,-0.012045952820541,0.7161732823027208,1.0,22985.91848844,75.8298061707273,266.8575461662915,0.9526219794901704,-0.0023296400493422,-5.394034181287665,0.9962016634948802,14694,14694,1.0,km2,channel km; reach midpoint to receiving outlet,area_consistent,included_landscape,True
03207965,18,10,True,3.649999976158142,4.175000015232298,0.5908217361308035,1.9625000953674316,0.0555555555555555,0.5032732510365016,12.0,,18,1977.0,3,6.432177543640137,16.75,1.0,1.0,17.147737820989526,2.227378310574303,0.5319227347569812,0.3549893040059526,2.657016274117527,13.589696583703237,0.7925066691344498,9.072875860088027,0.6676290235183191,1.0882369039145696,1.0,0.760104685277696,0.0,1191515.6666976078,1684616.323974739,6,2,0.1166334603945203,2.0,0.1582934553837933,0.2581669729288064,2,0,1086659,primary_and_secondary_downstream_links,5070202,17.1504,2.0,classified,37.43260479,-82.3537563,0.0,91.29,0.08,6.23,1237.853135968199,12.77271825200462,05,0507,2.005818890305872,2.9444389791664403,2.898545914980894,0.8008252483763875,0.9772037917561062,-0.2325543579545013,17.1504,17.1504,1.0,6,4.5619941750629724,1.0,0.0,0.0,,,,0.0,1.0,15.654488940000002,91.27768996641478,4.537324760404474,0.9945924054893917,0.0,-20.272089966414768,1.0,6,6,1.0,km2,channel km; reach midpoint to receiving outlet,area_consistent,included_landscape,True
03209500,31,12,True,2.299999952316284,3.703225804913429,0.8844110619575751,1.899999976158142,0.064516129032258,0.3820825859636447,11.0,-0.0038170807572651,31,1983.0,9,926.9677124023438,15.0,1.0,1.0,3193.917586376808,1.24503811625781,0.7979341664017867,0.2924086509079842,1.4259876056903786,2775.5312279777227,0.869005274217578,104.92161623171204,0.0378023547975566,1.8400147174290953,0.2520012303594586,0.0614542383237496,0.0,1176646.2703651895,1687347.4267114464,1515,667,0.2088344429565095,6.0,0.1646071188717259,0.4563574350503263,76,26,887151,primary_and_secondary_downstream_links,5070203,3193.9146,3.0,classified,37.4642676,-82.5262632,0.02,85.01,1.77,6.52,1231.716245873899,12.359419895987406,05,0507,6.832996939511033,3.4657359027997265,8.0693165719177,0.2191661449161474,0.3548646302926054,-0.1404060844399065,3193.9146,3193.9146,1.0,1503,77.68337942720822,0.2278686787680547,0.53517402,0.0167560529013518,74.99566345454323,0.9654016600142444,0.119456028810239,0.0431698346625725,1.0,2715.36563817,85.01685167693589,77.93175835401905,1.0031973239146164,-0.0019913294239143,-10.24406275942303,1.0,1515,1515,1.0,km2,channel km; reach midpoint to receiving outlet,area_consistent,included_landscape,True
03212500,25,12,True,2.700000047683716,3.444000010490418,0.604288299149206,0.9000000953674316,0.04,0.1872976788456409,7.0,0.0954292946405633,25,1984.0,8,1202.63330078125,16.0,1.0,1.0,5563.155184761193,2.0170369714068666,0.5783294285475219,0.1906761678796165,2.1225495216885357,4631.3077222841885,0.8324965902390147,188.82946060780247,0.0407723848059637,1.9064510804514712,0.4573654691473662,0.0522427115948484,0.0,1150200.7639592038,1721176.1902388737,2380,1037,0.1864050103870174,6.0,0.1565338276181649,0.5685494156910952,108,27,886643,primary_and_secondary_downstream_links,5070203,5563.1376,1.0,classified,37.81537197,-82.7915493,0.02,85.16999999999999,1.99,6.83,1228.420296108086,12.695923858838436,05,0507,7.093100012021245,3.258096538021482,8.624100443517294,0.7016295887033734,0.7526179707043454,-0.1833261529449174,5563.1376,5563.1376,1.0,2368,119.63547643710088,0.1602618817122194,0.95439573,0.0171557095765526,114.6423757081143,0.9582640461033166,-0.0210590585813991,0.0484875421152812,1.0,4738.42208889,85.17535300385164,119.92190152825926,1.0023941484556962,-0.0002127827541199,-13.955246743644976,1.0,2380,2380,1.0,km2,channel km; reach midpoint to receiving outlet,area_consistent,included_landscape,True
03215000,29,11,True,2.9000000953674316,3.5448275763413,0.6297344122358067,1.5999999046325684,0.0344827586206896,0.1602242485113781,9.0,,0,1983.0,7,,15.25,0.0,0.9655172413793104,10090.694036785795,1.5133738511090216,0.6854256436514895,0.202219140909211,1.5288674626144907,8273.867032634545,0.8199502435087244,258.12179275969396,0.0311972372460889,2.0223969114811022,0.1826779722115713,0.0421921578710523,0.0,1157965.0012892098,1763633.001163277,4390,1810,0.1793731921116242,7.0,0.1530801194437197,0.5816975185662471,134,47,909015,primary_and_secondary_downstream_links,5070201,10090.7172,3.0,classified,38.17119708,-82.6346023,0.02,85.91,1.66,6.16,1220.156282115463,12.686969546587132,05,0507,,3.4011973816621555,9.219467991900038,0.4143414968873204,0.4245272407924645,-0.198511619212759,10087.0002,10090.7172,0.9996316416438666,4348,165.30981823301636,0.0559890640232167,1.35590121,0.0134420658581924,172.3646082696246,1.0426761707926144,-0.0349207592018057,0.0328675789150424,1.0,8665.48257534,85.90742939947596,165.87404672355726,1.0034131577698886,0.0002693310022757,-13.254909479712095,0.9986931193504898,4390,4390,1.0,km2,channel km; reach midpoint to receiving outlet,area_consistent,included_landscape,True
03216600,120,12,True,2.700000047683716,3.225027773777644,0.6283101335981509,1.0724999904632568,0.025,0.3312870002091789,8.0,0.0659773567840277,120,2001.0,29,87654.203125,14.325001,1.0,1.0,159234.83707681714,2.1513076144743564,0.5926883280726956,0.136913378417416,2.157244706270951,131742.33433916955,0.8273461810094683,1082.0365858041812,0.0082132792866603,1.9527747825804416,0.2511666519288232,0.046798717873117,0.0,1129404.520019652,1813549.8671920933,79150,29871,0.1875908598166229,8.0,0.1414608772217304,0.5094627732118925,702,814,465518,primary_and_secondary_downstream_links,5090103,159234.8643,1.0,classified,38.6467448,-82.860447,1.14,67.82,17.63,9.85,1176.3661741855408,10.605943444224014,05,0509,11.381166251108889,4.795790545596741,11.97814163432602,0.7660758500440694,0.7688318084785736,-0.18953207298596,159186.1815,159234.86430000002,0.9996942704713944,77879,524.033627735659,0.0054188434691487,1805.78142378,1.1343832779731575,731.5430437052944,1.3959849234605044,-0.0046013857134309,2.0476245573733114,1.0,107942.5902708,67.8090203896247,508.7461077095261,0.9708272156270008,-0.0001966334107665,-2.912918920644657,0.9983631057347654,79150,79150,1.0,km2,channel km; reach midpoint to receiving outlet,area_consistent,included_landscape,True
03245500,38,12,True,4.199999809265137,4.81052629571212,0.4543189420712018,1.475000023841858,0.0263157894736842,0.1160504592714477,7.0,0.0713387832512434,38,1998.5,23,777.95166015625,12.75,1.0,1.0,3114.4244059946927,1.4763436250531814,0.6818438743724019,0.2746464587639552,2.165121076738097,2573.973352044142,0.8264683988122228,153.39584789046674,0.0595949634710266,1.600875004802545,0.2244383222627745,0.1017058662111323,0.0,999274.2549551404,1855469.9376961845,1522,586,0.1881567582350234,5.0,0.1382169933775462,0.4407687824748374,109,21,25243939,primary_and_secondary_downstream_links,5090202,3114.4491,3.0,classified,39.17144887,-84.2979933,0.41,20.08,56.76,21.19,1094.0424369514983,11.570663912127484,05,0509,6.657948990230638,3.6635616461296463,8.044120667846121,0.3895685073842468,0.7724762844810765,-0.1905935974039711,3114.4491,3114.4491,1.0,1497,83.66936167746327,0.2184147430760708,12.9292569,0.4151378457268734,80.23188254229949,0.9589159153811296,0.0582840941169623,0.5550651994665395,1.0,625.4957223,20.083671372250073,66.96157777347503,0.8003118038787601,0.1087645645257263,18.553150780555637,1.0,1522,1522,1.0,km2,channel km; reach midpoint to receiving outlet,area_consistent,included_landscape,True
03267900,56,12,True,2.109999895095825,2.600565473948206,0.535999559978744,1.2975000143051147,0.0,0.1771447485531501,5.0,0.2982558040739537,56,2002.0,6,317.1612854003906,11.4,1.0,1.0,798.4453484494974,1.8451049918208544,0.6492139204367154,0.276255115852007,2.093124365918971,610.9595134314256,0.7651863895479498,60.24107731371104,0.0986007681186103,1.216769025391132,0.0004139231009556,0.074971783679061,0.0,1026893.9883464524,1947610.8809138208,292,118,0.1477871969936883,5.0,0.1926392913464777,0.471598226694344,30,1,3985518,primary_and_secondary_downstream_links,5080001,798.4377,3.0,classified,39.9642265,-83.8315962,0.63,17.19,71.67999999999999,9.48,1070.7379336041697,10.51075992987446,05,0508,5.7625584409981085,4.04305126783455,6.683918172776197,0.6125361820093622,0.7386578616311872,-0.2676358283646732,798.4377,798.4377,1.0,291,29.5884239240582,0.9265481827824514,5.07373029,0.635457254836539,23.791372180514543,0.8040770350451109,0.0294226616985231,0.8368144387523109,1.0,137.22189678,17.186299792707686,33.52352000632664,1.1329944471651574,-0.1159453216491979,5.898908362791545,1.0,292,292,1.0,km2,channel km; reach midpoint to receiving outlet,area_consistent,included_landscape,True
03280000,45,12,True,2.9000000953674316,3.014444438616435,0.3800855667158104,1.5500001907348633,0.0,0.3487419777487109,8.0,0.0114259860114638,45,1989.0,4,789.5516967773438,14.0,1.0,1.0,2853.253777491604,1.4175955965470874,0.7853346157958143,0.2905072171854456,1.722473073939642,2443.2706599294256,0.8563103216417682,197.0277558724459,0.0806409863236916,2.6636833468543566,0.4794042486977602,0.0523714183497393,0.0,1100449.2984851347,1686279.063186074,1279,534,0.1871547509066853,6.0,0.1473811220441447,0.4761207579333335,88,1,454154,primary_and_secondary_downstream_links,5100201,2853.2376,3.0,classified,37.55231228,-83.3857358,0.01,83.92,0.87,6.199999999999999,1260.5742624226257,13.06729284292986,05,0510,6.672731052078996,3.828641396489095,7.956565714017628,0.3489621945906379,0.5437610918181215,-0.1551224432543683,2853.2376,2853.2376000000004,1.0,1278,94.14680089796938,0.230530958935912,0.2946150899999999,0.0103256416500329,58.990912629628035,0.6265843562072685,0.0924428235678966,0.033536716768283,1.0,2394.33326199,83.91636441318452,95.3179926515133,1.012440058954453,0.0041986163375351,-11.515768896772444,1.0,1279,1279,1.0,km2,channel km; reach midpoint to receiving outlet,area_consistent,included_landscape,True
03281000,35,12,True,2.4000000953674316,2.497142859867641,0.330882283980896,1.2000000476837158,0.0,0.353779477262195,8.0,0.1006269097722426,35,1988.0,3,470.17242431640625,13.0,1.0,1.0,1391.9030057782877,2.2731351075868225,0.531523404536285,0.1883397110466869,3.444742401035686,1251.8066637973925,0.8993490628303085,169.07625710105825,0.1350657909010968,2.263111531232985,0.6517251510300477,0.0774687394192978,0.0,1082524.416656838,1683766.5586023277,750,297,0.2133769370186332,5.0,0.1150805509522127,0.4879678817670734,91,0,486782,primary_and_secondary_downstream_links,5100202,1391.8635,1.0,classified,37.55508768,-83.5937993,0.01,89.12,0.94,4.34,1308.1256107888196,13.09255650109596,05,0510,6.15522410837617,3.58351893845611,7.239145341619928,0.8211599833092844,1.236849126934202,-0.1060840408609507,1391.8635,1391.8635,1.0,740,100.9387851200926,0.1908083659065705,0.16470081,0.0118331151007264,65.85733773932259,0.6524482899310546,0.2472244525112623,0.0413333838955564,1.0,1240.37157654,89.1158922221899,100.80756741709412,0.99870002692382,0.0028723283577524,-10.430536030530916,1.0,750,750,1.0,km2,channel km; reach midpoint to receiving outlet,area_consistent,included_landscape,True
03281500,36,12,True,2.25,2.4263888796170554,0.4085847628145013,1.5374999344348907,0.0,0.4128121205913662,8.0,0.0103174778737742,36,1988.0,3,752.9254760742188,13.4,1.0,1.0,1837.5000932663888,1.597023287333816,0.7067281569243039,0.2399470635592711,1.537219242734979,1632.9312488552,0.888670022297772,121.9358326626475,0.0746729739835238,2.240159002085823,0.1625843630259359,0.0477659193969196,0.0,1076511.8277676702,1674352.4571767068,973,402,0.2187754990996458,5.0,0.1555439136295617,0.5091241223404859,66,0,503758,primary_and_secondary_downstream_links,5100203,1837.5066,3.0,classified,37.47981018,-83.6751923,0.01,88.25,4.069999999999999,5.390000000000001,1334.9176108861673,13.105455778543442,05,0510,6.625293525025296,3.610917912644224,7.516705351470936,0.468141451051304,0.4299750976727329,-0.1180292908897211,1837.5066,1837.5066,1.0,967,75.13571675375206,0.2586436424228353,0.25632171,0.0139494307122488,80.38214285929973,1.069825993977567,-0.043697393819859,0.0356254953101593,1.0,1621.55882016,88.24778208470109,75.50761904744952,1.0049497404132888,0.0009301171515896,-17.05466183374139,0.998980753180404,973,973,1.0,km2,channel km; reach midpoint to receiving outlet,area_consistent,included_landscape,True
03284000,43,12,True,3.0,3.467829465866089,0.6101194603488963,1.4749999046325684,0.0232558139534883,0.2636624152796216,8.0,0.0154373716403949,43,1989.0,4,5322.60009765625,15.5,1.0,1.0,10249.546304291964,1.310321383894976,0.7821219131112233,0.2575338571926304,1.67992435370784,8570.046220256414,0.8361390802896059,399.93606362352926,0.046666733567694,2.4806989209721166,0.4519184311672394,0.0585245424493174,0.0,1018586.6232918,1716507.8747700127,4778,1884,0.1838130141634738,6.0,0.1377632124965291,0.5281541726473961,162,6,1827692,primary_and_secondary_downstream_links,5100205,10249.4907,3.0,classified,37.89396779,-84.26048609,0.04,80.46,8.879999999999999,6.12,1289.3316434698115,13.010894872539298,05,0510,8.579905063556426,3.784189633918261,9.235086281125971,0.2702724383418171,0.5187487648465396,-0.1789603157516059,10247.616000000002,10249.4907,0.9998170933507946,4746,199.75549114013927,0.0669657411050531,3.717434700000001,0.0362760928980945,116.61046477035494,0.5837660036516663,-0.0155691610924976,0.0904638128664121,1.0,8244.879111089998,80.45655800422261,210.324849924154,1.0529114805489863,-0.0347410936505344,-8.84472690815366,0.9987379802759933,4778,4778,1.0,km2,channel km; reach midpoint to receiving outlet,area_consistent,included_landscape,True
03287500,35,12,True,3.0,3.4085713931492396,0.6918841642428151,0.8250001668930054,0.0285714285714285,0.4187747418339505,10.0,0.1098776010003619,35,1988.0,3,6484.66650390625,15.1,1.0,1.0,13736.938164013698,2.138907733485536,0.5786348799058822,0.1706897202012166,2.120815302537699,10446.837829920045,0.7604924551009014,576.9125651761349,0.0552236547143328,2.5876455469289854,0.5656213202362572,0.0590462793648276,0.0,962269.122908344,1741970.376586191,5473,2122,0.1544740155822313,6.0,0.1386274481142613,0.5758038858068524,200,7,1825588,primary_and_secondary_downstream_links,5100205,13736.9079,1.0,classified,38.2113333,-84.8741111,0.04,67.47,20.96,7.64,1288.5885126172727,13.059796866598235,05,0510,8.777349867707864,3.58351893845611,9.527916493672832,0.760295293819532,0.751800591421994,-0.2737890883038615,13735.033200000002,13736.907899999998,0.9998635282398598,5432,316.35117136970956,0.0258023839359922,5.61992193,0.0409166970925123,239.19935579319073,0.7561197094909633,0.0455250001438787,0.1008034075264441,1.0,9266.164806510002,67.4637233968244,360.5404438103832,1.1396842384029962,-0.0149987859307345,0.2229857853864985,0.9989622272968364,5473,5473,1.0,km2,channel km; reach midpoint to receiving outlet,area_consistent,included_landscape,True
03289500,45,12,True,3.900000095367432,5.333333333333333,1.143973680383508,2.5999999046325684,0.0222222222222222,0.4429936021680538,9.0,-0.1367492131957453,39,1989.0,4,493.741943359375,15.5,0.8666666666666667,1.0,1227.352582810158,1.4192912615320297,0.791982714242743,0.3221479447201642,1.469450549311689,516.6591710087629,0.4209541563238619,135.068022367753,0.26142577146949,2.8544356625432217,0.0753982498455151,0.1633027189370464,0.0,967624.6958317944,1751362.1138929466,115,40,0.0325904720128715,4.0,0.1729348279834685,0.5090950027526248,17,1,1825460,primary_and_secondary_downstream_links,5100205,1227.3282,3.0,classified,38.26868254,-84.8146714,0.13,8.34,69.78,21.01,1266.2198492655405,12.924753443741317,05,0510,6.2040363000840415,3.828641396489095,7.113429187048403,0.3501576354183535,0.3848885549405496,-0.8652313435713279,1227.3282,1227.3282,1.0,115,73.31838941503179,0.2506823358250874,1.55026908,0.1263125120077906,38.967218789556846,0.5314794705728733,0.4625926009362135,0.6359864072297806,1.0,102.42150885,8.345079079092292,59.892518710130794,0.8168826291464005,0.2113442319469611,15.63854175014724,1.0,115,115,1.0,km2,channel km; reach midpoint to receiving outlet,area_consistent,included_landscape,True
03290500,58,12,True,3.549999952316284,3.848850570876023,0.3793057502030796,1.4750002026557922,0.0172413793103448,0.2705999559983086,9.0,-0.0170646233580555,29,1988.0,13,7744.1376953125,14.05,0.5,1.0,16005.44827974812,2.3725697321519155,0.5630754905206212,0.165423572830801,2.536319182535862,11529.036060341528,0.7203194723967432,634.2189114798025,0.0550105757463486,2.614670730513464,0.7260402285976013,0.0598175965031759,0.0,952233.825745931,1767402.498489083,5821,2239,0.1398898650550783,6.0,0.1425083642282304,0.5815091728718228,212,16,1825520,primary_and_secondary_downstream_links,5100205,16005.3822,3.0,classified,38.43894162,-84.96326372,0.06,62.58,25.26,8.59,1284.6399861925072,13.034432616184544,05,0510,8.954820531300097,4.07753744390572,9.680746937516442,0.8639736429148678,0.9307138892765928,-0.3280604537208026,16003.4535,16005.3822,0.9998794967857748,5774,332.71102287981154,0.0447003829517172,9.47393496,0.0591993156977023,197.7468264027252,0.5943500900304083,0.1684987215943835,0.1686042270044846,1.0,10014.44772123,62.576791448358314,390.31056869350147,1.1731218440409086,0.0022786475156978,3.12400523201827,0.999059934396799,5821,5821,1.0,km2,channel km; reach midpoint to receiving outlet,area_consistent,included_landscape,True
03303280,299,12,True,3.0299999713897705,3.5398494958080176,0.808426725519468,0.7350000143051147,0.0234113712374581,0.2131284510832893,8.0,0.0254648181289144,299,2010.0,48,145950.0,14.549999,1.0,0.9899665551839464,249355.07200494423,1.3114833374824202,0.7424834837159261,0.1383781127310989,1.5934589554036718,198692.75441408576,0.7968266007845471,1690.511079745483,0.0085081667156436,1.9423285847305556,0.4564120491546181,0.0371131545854367,0.0,808354.9036847344,1690983.4643708123,114368,43674,0.1751478309578319,8.0,0.141416356062267,0.551477998350606,982,1264,10109567,primary_and_secondary_downstream_links,5140201,249355.0269,3.0,classified,37.89950088,-86.70554179,0.87,58.540000000000006,26.74,10.68,1179.023846380332,11.200409224316443,05,0514,11.891026227920316,5.703782474656201,12.426637162011025,0.2711588153126458,0.4659070970309235,-0.2271181887502402,249298.01280000003,249355.0269,0.9997713537171928,112631,919.8152006866092,0.0032729719376246,2151.0586488599997,0.86284628774225,1196.5500412311262,1.3008591729490275,-0.0012579698072564,1.6347901469676231,1.0,145909.54403018998,58.52816169346937,966.7432725804908,1.0510190219283737,0.0004540142603959,1.472272425308283,0.9987823055480556,114368,114368,1.0,km2,channel km; reach midpoint to receiving outlet,area_consistent,included_landscape,True
03339000,15,11,True,3.4133334159851074,3.4251921971639,0.193505815712777,0.5726137161254883,0.0,0.1641124066762201,10.0,,15,2024.0,3,848.7666625976562,24.95,1.0,0.1333333333333333,3340.3679484323247,1.0329165242676008,0.8007883451215068,0.2339238122131112,1.1654646953432315,2281.44711509329,0.6829927571793404,140.1467206300288,0.0614288710454277,1.5873909056149564,0.1852463873650817,0.0505556972166114,0.0,709924.8985140033,1927593.7106085748,1057,434,0.1299258065877687,6.0,0.1402436424773996,0.5738819634473447,90,8,10080962,primary_and_secondary_downstream_links,5120109,3340.3536,3.0,classified,40.1010833,-87.5976111,0.75,4.64,85.24000000000001,8.620000000000001,1007.3713562078804,10.962539307063134,05,0512,6.744961797207342,2.772588722239781,8.11413556752063,0.0323863778380072,0.1531198876090814,-0.3812710238902091,3340.3536,3340.3536000000004,1.0,1048,78.10289358491866,0.2032838978484194,25.04243691,0.749694191357466,60.43491616639077,0.77378587901717,0.1375739096675664,3.051788904796836,1.0,154.96329546,4.639128488073838,40.66001629605061,0.5205955173970902,0.5223486467242101,7.557216512540458,1.0,1057,1057,1.0,km2,channel km; reach midpoint to receiving outlet,area_consistent,included_landscape,True
03353600,26,12,True,4.5,4.880769243607154,0.3261392852496306,1.0499999523162842,0.0,0.227452498885771,8.0,0.0159479684969066,26,1991.0,3,26.107097625732425,10.4,1.0,0.9615384615384616,70.74755070244443,2.2296025496576775,0.5379875802777635,0.2964807004255873,6.1626168398849615,25.701221289697003,0.363280721869697,20.070077392107844,0.7808997543690055,1.2357789991945891,0.6436250821198299,0.6496577831355804,0.0,829451.185172259,1902999.8548294797,5,1,0.0141347649504627,2.0,0.3835597487756965,0.2406866769677787,1,0,18476471,primary_and_secondary_downstream_links,5120201,70.7436,2.0,classified,39.78753517,-86.2280259,0.1,3.5999999999999996,0.34,95.46,1097.9615653058368,11.59112137862068,05,0512,3.2997955986031022,3.295836866004329,4.273153717505768,0.8018233407343185,1.818501499008134,-1.0125794051054016,70.7436,70.7436,1.0,5,9.021939964887284,1.0,0.06974973,0.0985951096636303,8.979739715766643,0.9953224861521044,0.0,0.0296361503044717,1.0,2.5488576,3.6029515037402673,7.324168274975424,0.8118174476310571,0.0,3.209367475526082,1.0,5,5,1.0,km2,channel km; reach midpoint to receiving outlet,area_consistent,included_landscape,True
03354000,37,12,True,4.5,4.563243215148513,0.1908080494287653,1.0999999046325684,0.0,0.1793881037247345,8.0,-0.0518783155631553,37,1994.0,16,2357.13330078125,15.0,1.0,0.972972972972973,6327.159426866117,1.8367731578494864,0.5779681856633262,0.2029102792771914,2.049075406905852,2574.091251786018,0.4068320518139657,264.6393974463698,0.1028088640069583,1.8783980002544285,0.8730461468408022,0.1140814986759539,0.0,816009.8891989999,1872173.3300829309,856,258,0.0407765922420875,5.0,0.1718171519911743,0.4198772459854364,69,21,18477453,primary_and_secondary_downstream_links,5120201,6327.1395,3.0,classified,39.4975388,-86.4005316,0.93,8.709999999999999,58.02,30.54,1093.5422758571883,11.082160382468768,05,0512,7.765625610789241,3.6375861597263857,8.752764703009099,0.6080103134961998,0.7173886703882076,-0.8993548278083487,6327.1395,6327.139499999999,1.0000000000000002,835,112.92271766475984,0.1951315440413476,58.94789634,0.931667404203748,131.32976465953453,1.1630057031519625,-0.1164491804969728,4.2800558281115375,1.0,550.8615978,8.70632926301056,91.9259710656393,0.8140609167638457,0.1937623334508691,14.993179236764846,1.0,856,856,1.0,km2,channel km; reach midpoint to receiving outlet,area_consistent,included_landscape,True
03357330,32,12,True,3.2799999713897705,3.419843763113022,0.327610163373405,0.9425000548362732,0.0,0.1543443020973733,8.0,0.0702778329199677,32,2003.0,3,144.3516082763672,11.8,1.0,1.0,374.1790090666114,2.648978085946234,0.5100323306176952,0.2558098083666757,3.5568097276805193,137.47504194105704,0.3674044738212018,57.77228343008455,0.4202383400970675,1.413674947635264,0.100626151317876,0.2575297251076639,0.0,782863.2124100444,1894388.4458643068,23,8,0.0213801410719323,3.0,0.394448770632452,0.5546178602095566,5,0,18464804,primary_and_secondary_downstream_links,5120203,374.1957,2.0,classified,39.81625714,-86.753968,0.35,12.659999999999998,80.18,6.35,1103.3068134653045,11.00796803321079,05,0512,4.979155691796557,3.49650756146648,5.927403269582523,0.9741739376797368,1.2688639991769677,-1.0012919292986535,374.1957,374.1957,1.0,23,33.51077200780234,0.9001474362212074,1.28335797,0.3429643820065275,28.460527763111177,0.8492949000543674,0.0274719325196903,1.8006672372882009,1.0,47.40990029999999,12.669814297705717,21.216473898601095,0.6331239964767522,0.0910438555267738,22.923885136189785,1.0,23,23,1.0,km2,channel km; reach midpoint to receiving outlet,area_consistent,included_landscape,True
03366500,36,12,True,4.8500001430511475,5.166388928890228,0.3804077822914678,2.375,0.0555555555555555,0.0909371863724969,5.0,0.07105977338779,36,1994.0,16,231.0742950439453,13.725,1.0,0.9444444444444444,762.307054802611,2.124937792608113,0.5879028600032119,0.3424581389969066,2.1585798140996677,430.95625872160366,0.5653315891628392,75.92485464321115,0.1761776354482842,2.096881430465785,0.1726768285146913,0.2070086843645459,0.0,885029.1464673212,1802333.3697178287,115,36,0.0472250647205694,4.0,0.1295291752489936,0.3976580325206159,14,1,18451023,primary_and_secondary_downstream_links,5120207,762.3207,1.0,classified,38.8042145,-85.6738418,4.09,46.63,41.32,6.08,1229.2774659569848,12.110233191764332,05,0512,5.447057557659688,3.610917912644224,6.637660381264806,0.753742527881116,0.7694505119800734,-0.5703428365103996,762.3207,762.3207,1.0,115,44.01846290242413,0.6377064141115413,31.20188301,4.093012692689573,48.75189977369942,1.107532988640878,-0.0936836339940795,-3.668054875078186,1.0,355.52573757000005,46.6372928834282,44.80412214592001,1.0178484025041368,-0.0621876024257525,21.846579478976864,1.0,115,115,1.0,km2,channel km; reach midpoint to receiving outlet,area_consistent,included_landscape,True
03373500,36,12,True,3.149999976158142,3.6444444391462536,0.3506876166631497,1.262499988079071,0.0,0.1573711779995348,6.0,0.1709196305449188,36,1994.0,16,4692.5810546875,15.65,1.0,0.9444444444444444,12723.167111962688,1.307323081455594,0.7419987326835144,0.2573448043260084,1.69874696530698,5932.106012171707,0.4662444468401401,373.5510807654253,0.062971073004926,1.8823408599516784,0.5142764196265942,0.1556358530850853,0.0,791393.4411992591,1774987.245349357,1893,582,0.0457433274968766,6.0,0.1452872769144146,0.5406010219072112,87,38,18445710,primary_and_secondary_downstream_links,5120208,12723.2325,3.0,classified,38.6669945,-86.7919333,1.5299999999999998,33.03,54.3,9.24,1201.7156715726794,11.86027642667236,05,0512,8.453951121189558,3.610917912644224,9.45125838638564,0.2679815972514277,0.5298909000545302,-0.7630452183574736,12723.232499999998,12723.2325,1.0,1862,215.08917317588512,0.0241928142081817,194.81266098,1.5311569680110773,200.4297704911237,0.9318449995957072,-0.0156632434316161,3.271812029301107,1.0,4203.67652694,33.039375229054414,170.26041418541976,0.7915805880484394,0.0288575450691849,12.19335562879484,0.9989208437874416,1893,1893,1.0,km2,channel km; reach midpoint to receiving outlet,area_consistent,included_landscape,True
03373530,27,12,True,1.899999976158142,3.535185200196725,1.059984448957849,1.2499999403953552,0.1111111111111111,0.3924649279005828,8.0,0.4127224220332628,27,1994.0,2,44.67741775512695,14.3,1.0,1.0,90.42163114482844,1.2883423337211144,0.7613783534497706,0.4290924222633049,1.6520509645318249,43.76750474876786,0.4840379917352452,15.430028487883934,0.3525453090473091,1.2233489419433683,0.9843041706158048,0.2717171075047371,0.0,829247.079581902,1776270.4804633977,14,4,0.0442372024188901,3.0,0.4009745630096641,0.4006806560799337,3,0,18445182,primary_and_secondary_downstream_links,5120208,90.4266,2.0,classified,38.6364393,-86.365253,0.52,11.89,81.93,5.13,1266.186123448275,12.521829423599344,05,0512,3.82160403474658,3.332204510175204,4.515482115063705,0.2533563794175958,0.5020175248237911,-0.7255918800253472,90.4266,90.4266,1.0,14,10.140936008320562,1.0,0.47478501,0.525050162231025,11.463992828111824,1.1304669331022013,0.0,-0.4867964771310343,1.0,10.75779279,11.896712681887852,9.601051823643186,0.9467618980896432,0.0,16.8424423270315,1.0,14,14,1.0,km2,channel km; reach midpoint to receiving outlet,area_consistent,included_landscape,True
03374100,297,12,True,3.75,4.2382042544458045,0.4321934372632003,1.6100001335144043,0.0202020202020202,0.0563334132218736,3.0,0.0593659824704349,178,2013.0,49,12019.515625,16.3,0.5993265993265994,1.0,29068.952299025314,1.4941630053096562,0.7160925269619397,0.1973763458343717,1.5822313824085938,12842.116161216918,0.4417811838938383,540.5533414927118,0.0420922326746411,1.975459549169602,0.0962765949897447,0.1105340735881635,0.0,714998.4391125117,1740667.2500649206,4244,1290,0.0443772443784722,7.0,0.1436733963822286,0.5127637756318723,132,83,18471310,primary_and_secondary_downstream_links,5120202,29069.028,3.0,classified,38.4897748,-87.5500132,1.22,29.790000000000003,53.61,13.13,1177.9022561166166,11.77545412982135,05,0512,9.394370104423713,5.697093486505405,10.277460352651174,0.4015661873918991,0.4588361180744853,-0.8169405785503501,29069.028,29069.028,1.0,4176,335.9989661744727,0.0081173611996933,356.24228400000004,1.2255046298761696,314.145555736508,0.9349598878628188,0.0419872719718141,3.2819872203066036,1.0,8658.455447519998,29.785844396035532,295.361263728301,0.8790540848715889,-0.0043467916474355,11.22679021262934,0.9995045814240072,4244,4244,1.0,km2,channel km; reach midpoint to receiving outlet,area_consistent,included_landscape,True
03378500,290,12,True,3.9524999856948857,4.056224137339099,0.2173200450293898,1.2037498950958252,0.0,0.0238029613761508,2.0,0.1125047189402429,148,2011.0,49,32387.3125,14.75,0.5103448275862069,0.996551724137931,75585.4443708229,1.1315221236718798,0.8388405298236477,0.1993433458594025,1.4159496723588094,40208.81802030684,0.5319650940072801,733.5117884353228,0.0182425603275598,1.9871582809190145,0.5752336606334354,0.0432904420952002,0.0,698476.3105394023,1706503.873213804,16795,6049,0.0800286358088145,8.0,0.1449646174768918,0.5860216104222954,322,301,10382125,primary_and_secondary_downstream_links,5120113,75585.51,3.0,classified,38.13089124,-87.9414145,1.64,19.93,66.33,10.17,1114.7293281803177,11.467429342618049,05,0512,10.385552911394754,5.673323267171493,11.233032238825908,0.1235637384163298,0.347800452520407,-0.631177404561375,75585.51,75585.51,1.0,16524,385.1917014995373,0.0125335689340456,1238.46214437,1.6384914838439273,358.1375841257942,0.9297645373240846,0.0330521762957521,4.178127835738206,1.0,15065.77923909,19.93209973590176,333.8406518543909,0.8666870302624936,-0.0061886255319828,10.85796018236352,0.999801787832879,16795,16795,1.0,km2,channel km; reach midpoint to receiving outlet,area_consistent,included_landscape,True
03438500,35,9,True,2.4200000762939453,2.386000009945461,0.1398465727559767,0.4199998378753662,0.0,0.1441038336802722,8.0,,0,2004.0,19,,19.0,0.0,1.0,45591.290290188415,2.058165982243987,0.4823208059681328,0.0696253636965576,2.360495380498071,34874.6213280658,0.7649404328346258,1160.4203590212103,0.0332740633397887,2.669169095144853,0.5628644127457916,0.0299676488527226,0.0,667279.5316123358,1593471.2621841065,19560,7822,0.1715678575932595,7.0,0.1535549718950582,0.4554571963563291,592,286,11878806,primary_and_secondary_downstream_links,5130205,45591.2775,1.0,classified,37.14866656,-88.3992047,0.55,58.44,26.25,10.15,1389.5990277714254,14.017317550214614,05,0513,,3.58351893845611,10.72749390862451,0.721815286367606,0.8588715040008368,-0.2679573137629351,45559.693799999994,45591.2775,0.9993072424873376,19296,594.3573200853542,0.0120713014976408,248.52455469,0.5454921531759724,390.3031748816557,0.6566810261975156,0.0782573635230122,1.2059495380231746,1.0,26609.08720968,58.4048859645321,659.4458693571634,1.1095108061636425,-0.0021484563331533,4.322591239006535,0.9984679269881742,19560,19560,1.0,km2,channel km; reach midpoint to receiving outlet,area_consistent,included_landscape,True
03612500,202,12,True,2.8850001096725464,3.0134942283724793,0.2729122345513097,0.5925000309944153,0.0049504950495049,0.0454009952887568,7.0,,0,2004.0,37,,14.95,0.0,0.99009900990099,524094.9775081434,1.3527062638900538,0.7684199163776811,0.0967981083569925,1.669416082157406,409003.5692225708,0.7803997114553834,2074.635371568952,0.0050724138557333,1.9130489872314256,0.5284254265612958,0.044082099011699,0.0,611645.2929134957,1595473.4254124514,230470,90443,0.1725698659239578,9.0,0.1461062718176013,0.5576936104153146,1138,3766,1841401,primary_and_secondary_downstream_links,5140206,524094.9147,3.0,classified,37.2031076,-89.041737,1.34,50.89,33.94,10.22,1248.2756511362525,12.308354579601792,05,0514,,5.313205979041787,13.16943010971433,0.3021072257595335,0.5124739138836084,-0.2479490399726349,523845.8289,524094.9147,0.9995247315075694,226702,975.5005875726112,0.0025049612454783,7020.11106405,1.340110138662593,794.181597697399,0.8141272366361175,0.0148465714138534,2.5110812108479665,1.0,266479.12425753,50.869761589415994,1076.427851078227,1.1034620222595235,-0.0013331782717838,4.00515722828883,0.9984911443262712,230470,230470,1.0,km2,channel km; reach midpoint to receiving outlet,area_consistent,included_landscape,True
03612600,111,11,True,2.859999895095825,2.9016216252301192,0.1364326021019731,0.4724999666213989,0.0,0.0694541972119176,6.0,0.0818050353518301,111,2020.0,12,289964.28125,16.8,1.0,0.972972972972973,524134.7754464341,1.3527062638900538,0.7684490913833425,0.096443815122996,1.6694347101817726,409030.88581267174,0.780392572624623,2083.121233132108,0.0050928213623607,1.907134552832099,0.5235794375221685,0.0440686886296436,0.0,607016.6230841905,1588590.3772954824,230493,90447,0.1725643941922406,9.0,0.1461062718176013,0.559005720504359,1139,3766,1841415,primary_and_secondary_downstream_links,5140206,524134.7073,3.0,classified,37.17921867,-89.058404,1.34,50.89,33.94,10.22,1248.2759090657594,12.308516062771789,05,0514,12.57751647496808,4.718498871295094,13.16950604318648,0.3021072257595335,0.5124850722285152,-0.2479581876738803,523885.6214999999,524134.7073,0.9995247675902188,226725,983.9126746855444,0.0016405789064016,7031.61148986,1.342203565298652,801.3770315549868,0.8144798336001765,0.0131226189280775,2.5125953489015354,1.0,266482.48708880995,50.8665395942366,1084.9002423346124,1.1026387506201638,-0.0009333518351262,4.005063803716325,0.9984912449061096,230493,230493,1.0,km2,channel km; reach midpoint to receiving outlet,area_consistent,included_landscape,True
394340085524601,249,12,True,3.0399999618530273,3.35345852039904,0.3293556743660609,1.0499999523162842,0.0,0.1060297077162776,7.0,,0,2015.0,33,,12.200001,0.0,0.9959839357429718,247.74024051074227,3.1336623876372083,0.3808054302593141,0.1371587610139831,3.5918474000971337,102.40209669759206,0.4133446245409283,72.1109328319697,0.7041939096708492,1.709554640393982,1.0,0.1773296308607193,0.0,857060.7284748899,1896345.93164682,30,10,0.0403648594971247,2.0,0.1247847224812472,0.4838917301550514,10,1,18460036,primary_and_secondary_downstream_links,5120204,247.7403,1.0,classified,39.72782144,-85.8794246,1.11,6.83,81.68,9.27,1128.0605890377594,10.987200150327922,05,0512,,5.521460917862246,5.516409141141354,1.1422024124249386,1.2786666662683417,-0.8834735919865488,247.74029999999993,247.74029999999993,1.0,30,38.79564536976827,0.7114147355113402,2.73107142,1.1023928767342257,39.622288917572504,1.0213076374919232,0.0453546791823261,6.272767806758484,1.0,16.929806219999996,6.833690852881021,31.95294451225976,0.8236219350834482,0.0947820645368533,20.5957067799768,1.0,30,30,1.0,km2,channel km; reach midpoint to receiving outlet,area_consistent,included_landscape,True
03453500,38,12,True,4.099999904632568,5.739210524057087,0.7406638121429514,3.5749998092651367,0.131578947368421,0.5141948117581937,11.0,0.2819867307515523,38,1977.0,24,2587.02685546875,15.0,1.0,1.0,3450.1775029355913,1.7225780997860531,0.6781234776733834,0.2927402161515119,1.9927903108546303,3302.0377177651367,0.9570631409414704,172.61023007718683,0.052273851733593,2.9429383737880377,0.8793748472681164,0.0981079335364807,0.0,1190218.9960189173,1499074.2479319638,1998,843,0.244335255007237,5.0,0.1394929577464788,0.4903711042815959,110,12,22161966,primary_and_secondary_downstream_links,6010105,3450.1419,3.0,classified,35.78638889,-82.6608333,0.2,66.38,11.89,19.9,1428.712897055139,12.515325842338326,06,0601,7.85865103248687,3.6635616461296463,8.146470756992757,0.5438220638276199,0.6895358228778546,-0.0438859117103681,3444.8292,3450.1418999999996,0.99846015029121,1976,73.81645999334306,0.3421559478188352,6.940653209999999,0.2014803291263322,85.19338733931212,1.1541245319403703,-0.3235746290152698,0.4720393624819523,1.0,2284.76296449,66.32441934973147,79.192001595535,1.0728230749981336,-0.0259899883617478,-10.59206643049425,0.9992012688703388,1998,1998,1.0,km2,channel km; reach midpoint to receiving outlet,area_consistent,included_landscape,True
03459500,19,11,True,9.460000038146973,12.55719292791266,0.6265810875680505,9.300000190734863,0.4210526315789473,0.4480828417912383,9.0,,19,1981.0,4,513.0,11.5,1.0,1.0,906.9169477231654,1.1542181764411972,0.8682680090179772,0.4604531224248399,1.3206925074035345,876.6403061344432,0.9666158608406952,69.96005713923441,0.0798047461994123,1.8099762732708176,0.0639481301857407,0.0328446372856219,0.0,1164061.314390967,1478379.3233290524,551,251,0.2767618364946657,5.0,0.1369208740339726,0.4512161656454628,59,11,22150419,primary_and_secondary_downstream_links,6010106,906.9219,3.0,classified,35.635,-82.99,0.05,71.56,10.48,15.99,1471.1521941762803,11.183776310836972,06,0601,6.2422232654551655,2.995732273553991,6.811152907152672,0.1434232112570203,0.278156225850601,-0.0339541108078933,904.086,906.9219,0.9968730493772396,544,34.834278910745205,0.7408166922173333,0.4939524899999999,0.054635564537002,43.632554515911025,1.2525752184424248,0.1135216065935503,0.1786495677098588,1.0,646.1387001,71.46872090708186,38.15509113626396,1.0953317344110258,-0.0772224293080838,-15.356819419924044,0.9975716575703216,551,551,1.0,km2,channel km; reach midpoint to receiving outlet,area_consistent,included_landscape,True
03460000,72,12,True,2.549999952316284,4.437500003311369,1.0988591622579007,3.837500005960465,0.1111111111111111,0.1650396500855172,7.0,-0.2141974138125189,72,1979.0,30,89.80644989013672,11.0,1.0,1.0,127.45338977249658,1.0260129248534433,0.8881028059692059,0.5221785560640262,1.1656959661203057,121.0034867634234,0.94939402537205,18.060111358887095,0.149252817765465,1.5432225039145324,0.699354768224111,0.1243990823769923,0.0,1156397.1337643887,1480390.431248949,71,34,0.2667641877606375,4.0,0.2248981033403059,0.3789600039525863,14,2,22151401,primary_and_secondary_downstream_links,6010106,127.4607,3.0,classified,35.6672222,-83.0727778,0.0,98.94,0.24,0.55,1573.4023543569158,10.70206630677176,06,0601,4.508730317116793,4.290459441148391,4.855566113028603,0.0256803439922763,0.153318304459242,-0.0519313659413354,122.9004,127.46070000000002,0.9642219131073342,68,11.405763734292158,1.0,0.00376767,0.003065628753039,8.89593845400473,0.7799511423560811,0.0,0.0075857752891716,1.0,121.55548752,98.9056890945839,11.445409415068257,1.003475933896202,0.0,,0.9171167948488642,71,71,1.0,km2,channel km; reach midpoint to receiving outlet,area_consistent,included_landscape,True
03466208,39,12,True,1.7200000286102295,2.2135897355201917,0.6615341218200048,0.9500000476837158,0.0,0.1114238557974381,6.0,0.475067618286985,35,1997.0,5,67.53333282470703,15.52,0.8974358974358975,1.0,203.74593847544213,1.8878850372707447,0.6799703973150285,0.4126067077996607,1.888748110577585,206.3557666974245,1.0128092282060237,27.953460102003955,0.135462461502186,1.2150848978604485,0.1819365683140466,0.1374135147114588,0.0,1184683.0724081069,1544906.4909182284,98,48,0.2355875182551701,4.0,0.2453879700078874,0.4200703981382321,17,0,19487012,primary_and_secondary_downstream_links,6010108,203.7501,3.0,classified,36.20592158,-82.65041619,0.08,17.58,70.77,10.92,1150.1600778146071,13.614781216039209,06,0601,4.22732023749131,3.688879454113936,5.321769886030656,0.6354571745932713,0.6359142342483013,0.012727883944092,203.7501,203.7501,1.0,98,16.895540646851217,1.0,0.17541477,0.0860930963960263,10.109165029119271,0.5983333259597877,0.0,0.2105966576044513,1.0,35.83046313,17.58549474576945,18.23738945315162,1.0794202940496302,0.0,-3.710955895359451,1.0,98,98,1.0,km2,channel km; reach midpoint to receiving outlet,area_consistent,included_landscape,True
03467609,39,12,True,1.7000000476837158,1.9441025669758136,0.3715623804979349,0.925000011920929,0.0,0.2006108939617843,5.0,0.225958492313595,39,1997.0,4,1795.741943359375,16.26,1.0,1.0,4374.459692637542,1.983498739041904,0.636036023772713,0.2283172156644684,2.3555096372189808,4398.122764248405,1.0054093701333422,285.53263624170665,0.0649214793554088,2.48301141967601,0.0814329599996707,0.1012555138450265,0.0,1140299.003640053,1529959.2447294665,2452,1062,0.2427728393034241,6.0,0.1517532696166153,0.465250150961277,213,34,19488812,primary_and_secondary_downstream_links,6010108,4374.4896,1.0,classified,36.126332,-83.1752965,0.11,59.66,29.32,9.38,1253.324780403728,12.576995861122372,06,0601,7.493730272330915,3.688879454113936,8.383766865874842,0.6848623252482766,0.8567571105182925,0.0053947920392963,4368.6188999999995,4374.4896,0.9986579691491322,2369,132.28807344447003,0.1378279986839777,4.8015889199999995,0.1099109130347808,85.96708603480783,0.649847592427853,0.1381583991686731,0.2580864145059125,1.0,2603.67557859,59.599512756537315,156.16505178572666,1.1804922977525965,-0.0555128473485473,-8.6474433537456,0.9963669562081092,2452,2452,1.0,km2,channel km; reach midpoint to receiving outlet,area_consistent,included_landscape,True
03474000,26,12,True,1.2999999523162842,1.4615384661234343,0.332131943248722,0.449999988079071,0.0,0.0351882178324972,9.0,,18,1997.0,3,130.56666564941406,11.9,0.6923076923076923,1.0,340.3953609466247,2.0585771357773663,0.6695259006135249,0.4188448919284899,2.4945877552895204,281.7828638168638,0.8278105290073223,43.808368317594535,0.155468532487009,1.6043198885200842,0.6378175965657893,0.1207601040134619,0.0,1265593.1252366705,1625013.6868648168,164,61,0.1792033822974603,4.0,0.1842298071212114,0.5462777138670158,25,0,19751035,primary_and_secondary_downstream_links,6010102,340.4007,1.0,classified,36.80733756,-81.6220617,0.1699999999999999,68.42999999999999,20.41,9.71,1148.8925600481236,11.333720591862992,06,0601,4.87951368626885,3.295836866004329,5.833041221945302,0.7220150333632087,0.9141234872109024,-0.1889709804836897,339.6231,340.4007,0.9977156333697318,163,24.41903936702185,1.0,0.57442221,0.1691352001674797,30.655090064205567,1.255376577409739,0.0,0.6838727418367344,1.0,232.15204755,68.35578838718567,25.23073280387988,1.0332401870793586,0.0,-11.211425589360507,1.0,164,164,1.0,km2,channel km; reach midpoint to receiving outlet,area_consistent,included_landscape,True
03524550,24,12,True,2.0999999046325684,2.945416664083799,1.2337514267899024,0.7374999225139618,0.0416666666666666,0.4709130976411219,9.0,,20,1997.0,20,196.5666656494141,10.2,0.8333333333333334,1.0,259.7103406379151,1.9060635979705245,0.5871173173705906,0.1864305177544722,2.209774530631817,258.605837689509,0.9957471737717752,54.43091862988511,0.2104783059663051,1.8636603806410716,0.3253872541758963,0.2044600400127461,0.0,1196276.4364721754,1622634.9493497447,132,63,0.242577942199975,4.0,0.1599378881987576,0.4724988107460544,26,0,14639199,primary_and_secondary_downstream_links,6010205,259.7058,1.0,classified,36.87871389,-82.4059814,0.37,70.73,7.41,16.56,1319.59344468712,12.076304900944525,06,0601,5.286076074976775,3.218875824868201,5.563409985047014,0.6450401719211518,0.7928904879864843,-0.0042618952153727,259.70579999999995,259.70579999999995,1.0,131,30.017081296220574,0.9156715021381888,0.94713993,0.364697257435144,41.2076253154167,1.372805867058271,0.0137781621790993,1.1492453845579669,1.0,183.6980982,70.73315197427245,29.08048192483509,0.9687977867620524,0.0007463585775844,-7.789464370867982,0.981655050869182,132,132,1.0,km2,channel km; reach midpoint to receiving outlet,area_consistent,included_landscape,True
03528000,25,12,True,1.600000023841858,1.58400000333786,0.3100152441030302,0.6999999284744263,0.0,0.3614652309341901,8.0,-0.1178701325396767,25,1997.0,2,2226.333251953125,13.8,1.0,1.0,3753.6486688546024,4.226764307861552,0.3526345255265862,0.0983139665755152,6.4096244717002655,3288.1506885577105,0.8759878663767072,318.68455400244966,0.0969190843690424,1.644550331526361,0.1037168977252394,0.0962566859166887,0.0,1116294.6223139334,1560943.1075997755,1774,719,0.1915469622838723,5.0,0.1417974194128489,0.4360012202316217,171,7,14642349,primary_and_secondary_downstream_links,6010205,3753.6507,1.0,classified,36.425087,-83.3982345,0.18,69.39999999999999,18.24,7.6,1244.1144174869676,12.36222093449303,06,0601,7.708560297711533,3.258096538021482,8.230749996266859,1.4414367613032149,1.8578006844582755,-0.1324030393098163,3751.5906,3753.6507,0.9994511742928024,1700,159.20869547916558,0.1150854253659767,6.68471364,0.1781834521069543,150.6012694513882,0.9459362065503276,-0.0639588463671492,0.4243946552451438,1.0,2602.84690476,69.37982264802562,153.2472410303597,0.9625557232859432,0.0066684229492859,-7.628962179653932,0.9985823611054364,1774,1774,1.0,km2,channel km; reach midpoint to receiving outlet,area_consistent,included_landscape,True
03568000,23,9,True,1.7999999523162842,1.9034782648086548,0.2389494046755137,0.3999999165534973,0.0,0.1685737797209318,6.0,,23,1998.0,4,31748.38671875,20.0,1.0,1.0,55094.18828930021,2.282624755179595,0.5783635473222786,0.1392571901287969,2.2218243668534035,51346.04134310558,0.9319683788331165,653.2643087358234,0.0127227784586267,3.0204829789569465,0.6953646223505252,0.0614317457154621,0.0,967343.5017555796,1390432.00357904,29482,12153,0.2205858798787352,8.0,0.1513163921729825,0.5369947452473485,383,430,19696547,primary_and_secondary_downstream_links,6020001,55094.1912,1.0,classified,35.08677555,-85.2784299,0.21,65.48,17.290000000000003,12.18,1411.7436343633588,13.172655934477447,06,0602,10.3656286881894,3.1780538303479458,10.916817664454838,0.825325989246168,0.7983286452731394,-0.0704563931627709,54943.8507,55094.1912,0.9972712096007682,28760,377.8099023100861,0.022692759683114,117.24189129,0.2133849189605489,288.8321361005252,0.7644906455190454,0.0340032919317318,0.5651657543390648,1.0,35926.86216384,65.38832227104898,386.1575831916897,1.0220949234802013,-0.0071791770894476,-4.892977689221333,0.9955828441278076,29482,29482,1.0,km2,channel km; reach midpoint to receiving outlet,area_consistent,included_landscape,True
03575100,24,12,True,2.149999976158142,2.5830555707216263,0.5710688593393529,2.050000101327896,0.0,0.7572783780617224,2.0,0.2409799339892588,24,1999.5,2,281.9134521484375,18.025,1.0,1.0,966.85138157146,1.101582378731153,0.8442970316339213,0.3313822855586945,1.1836115907952314,830.2896604456207,0.8587562434839983,69.8115213173956,0.0840809233730881,1.7800515422119736,0.808839172858956,0.1039380604692333,0.0,866924.8955029994,1341785.524932631,472,206,0.2130627353142739,5.0,0.2172542940049218,0.464443682950429,57,25,19621328,primary_and_secondary_downstream_links,60300020403,966.8349,3.0,classified,34.749167,-86.446667,6.91,20.96,57.58,13.12,1464.9415318145466,15.318841349291713,06,0603,5.645141028072869,3.218875824868201,6.875078544054977,0.0967476722360625,0.1685704343273565,-0.1522701650394039,966.8348999999998,966.8349,0.9999999999999998,464,37.711620412078645,0.8111352827664786,66.82191804,6.911409387476602,38.81178375738787,1.0291730594784216,0.0519093907713,14.494666889286066,1.0,202.55972697,20.950808351043182,37.30033892624439,0.989094038353692,0.0518859921678555,2.100141894439428,1.0,472,472,1.0,km2,channel km; reach midpoint to receiving outlet,area_consistent,included_landscape,True
03609750,270,12,True,2.267500042915344,2.2996234553831596,0.1800807021394107,0.4262500405311584,0.0,0.1003162310307053,7.0,,0,2012.0,48,,16.349998,0.0,0.9777777777777776,103940.56736275228,1.8888322776648692,0.5568945882452393,0.0901770654126546,3.032100630265746,96222.65656975862,0.925746886044424,1397.8623154684626,0.0145273718820582,2.590963560675683,0.2945407052939239,0.0673784203608188,0.0,656467.6832059841,1582119.4999198671,57422,23936,0.2302854468406298,8.0,0.1482358003442341,0.5050036380789583,800,1312,1861950,primary_and_secondary_downstream_links,6040006,103940.5563,1.0,classified,37.03783498,-88.5294898,1.81,58.8,23.11,10.52,1438.5011106077238,14.119007380842408,06,0604,,5.602118820879701,11.551584167944142,0.6359587956228574,1.1092556566310006,-0.0771544229051994,103781.8044,103940.5563,0.9984726664388652,56147,803.89161619457,0.0047668038040009,1888.36648758,1.8195544956048193,442.19968738200424,0.5500737642659733,0.0179244013629117,3.0840572719171018,1.0,60950.58357006,58.72954697833333,843.5840003490249,1.0493752930803646,-0.0019371988846032,-2.879648415268484,0.9971319932374492,57422,57422,1.0,km2,channel km; reach midpoint to receiving outlet,area_consistent,included_landscape,True
05267000,40,12,True,9.399999618530272,9.83250002861023,0.18752015501506,2.374999761581421,0.425,0.2248315239245709,7.0,0.1416828474116379,40,1996.0,21,5675.322265625,12.799999,1.0,1.0,29842.14533762405,1.0482773894589943,0.8664571364037278,0.1432741165253926,1.413265027721608,11435.23068242639,0.3831906370353745,662.8189153850421,0.0579628810115443,4.061834260834387,0.4007778991112129,0.0558699681232807,0.0,127813.52982229738,2538518.7551611126,6444,1611,0.0539840544898392,6.0,0.1394720587568821,0.500416618021559,175,169,4973491,primary_and_secondary_downstream_links,7010201,29842.1847,3.0,classified,45.82577,-94.355577,31.64,35.03,17.240000000000002,4.35,705.2709871353815,4.640791025520197,07,0701,8.644058813557722,3.713572066704308,10.303710455519631,0.0471482354743389,0.345902649965593,-0.9592226668076992,29842.1847,29842.1847,1.0,6314,273.2570099595323,0.0279970588078291,9442.03225842,31.639882781169167,268.66622556894646,0.983199756188265,-0.0096382994035262,24.729775619105425,1.0,10452.79794447,35.02691927401012,301.2881889125478,1.1025817378195228,-0.0134241050925429,-11.569625498250527,0.9999979496684612,6444,6444,1.0,km2,channel km; reach midpoint to receiving outlet,area_consistent,included_landscape,True
05276005,27,12,True,6.300000190734863,6.764814818346942,0.2975494178952317,2.700000047683716,0.1111111111111111,0.4805586869316544,7.0,0.1642511250366678,27,1997.0,2,48.53333282470703,8.0,1.0,1.0,579.765057750636,2.071612143081735,0.5743765895101234,0.1610897983070198,3.2340979108986896,364.0916518550227,0.6279986125200787,70.99427356355241,0.1949901163672424,1.8160127987105823,0.4563695689989583,0.0616652028197598,0.0,96345.89810183068,2488513.634779231,203,81,0.1397117658560911,4.0,0.1448725432963611,0.4894244858121092,36,15,4252434,primary_and_secondary_downstream_links,7010204,579.7674,1.0,classified,45.3771864,-94.7836175,13.71,1.39,79.67,4.09,720.9493820825833,6.096538191901119,07,0701,3.9026458333471847,3.332204510175204,6.364346299425688,0.7283271172427034,1.1737500361754996,-0.465217321879311,579.7674,579.7674,1.0,203,43.80655120182681,0.5509449134256256,79.50512384999999,13.71327947207794,42.8997444210708,0.9792997449952602,-0.0197743067402551,13.369981942081708,1.0,8.05465521,1.3892908104181092,53.45167361778357,1.2201753425308346,-0.3309704137350299,-0.7701333029139904,1.0,203,203,1.0,km2,channel km; reach midpoint to receiving outlet,area_consistent,included_landscape,True
05288500,24,12,True,8.650000095367432,8.604999959468842,0.145291105492264,2.175000309944153,0.25,0.2145311479857667,5.0,0.0720636504956869,24,1997.0,4,8170.6025390625,15.3,1.0,1.0,50025.56195418649,1.596799868857566,0.7262884479500866,0.1182099266053392,1.7755618884137243,22115.919796392664,0.4420923810240546,807.4077161184122,0.0365079871672399,2.9763605372180453,0.1082187609586244,0.0342196669265791,0.0,212481.03204430675,2462761.2479398935,12344,3573,0.0714234855227045,7.0,0.1431525142795319,0.4616877213800922,233,387,1100622,primary_and_secondary_downstream_links,7010206,50025.5829,3.0,classified,45.128992,-93.298705,24.89,25.57,33.18,6.37,729.5194498588895,5.307985556377629,07,0701,9.008420317831364,3.218875824868201,10.820309382436486,0.4680015444467812,0.5741169296866324,-0.8162364119015734,50025.5829,50025.5829,1.0,12069,313.8678493533235,0.0358420171451915,12447.22412367,24.8817173176207,351.0812302561297,1.118563850931144,-0.0094114629660963,18.44065590697555,1.0,12791.84210541,25.570600808351596,391.621293071194,1.247726690956304,-0.0184119584044177,-8.023214858443694,0.999998931578653,12344,12344,1.0,km2,channel km; reach midpoint to receiving outlet,area_consistent,included_landscape,True
05288705,205,12,True,6.199999809265137,6.590438995128725,0.6763522119329995,1.8266668319702148,0.0292682926829268,0.2882347764658295,6.0,0.0486491184552951,201,2017.0,30,11.675999641418455,8.75,0.9804878048780488,0.9951219512195122,102.68571158989712,1.431128562488824,0.7570184690400709,0.3515102233219001,1.878964020017399,34.958104704854286,0.3404378677772506,22.026928259490948,0.6300950364861253,1.8649219016838088,0.3788400320112084,0.2541965210792745,0.0,212413.93481030755,2453570.5190231553,21,4,0.0389538129313946,3.0,0.3001269515328801,0.4608726236496429,2,0,1100446,primary_and_secondary_downstream_links,7010206,102.6882,2.0,classified,45.049798,-93.310445,4.19,1.4900000000000002,0.95,86.88000000000001,844.1289916070992,7.5539598994405,07,0701,2.539710413540449,5.327876168789581,4.641364319723766,0.3584633375513074,0.6307205717740179,-1.0775226435311334,102.6882,102.6882,1.0,21,13.534562814422683,1.0,4.3069194,4.194171676979439,13.654773117320236,1.0088817278064903,0.0,14.320720796138838,1.0,1.53100332,1.4909242931515012,16.833718127048215,1.2437578042129214,0.0,1.4525742405728383,1.0,21,21,1.0,km2,channel km; reach midpoint to receiving outlet,area_consistent,included_landscape,True
05311000,36,12,True,9.550000190734863,9.963796297709148,0.2582878273225299,0.9249997138977052,0.3611111111111111,0.1457179273388259,2.0,0.0319648269839779,36,1991.0,4,475.8897705078125,12.5,1.0,1.0,15896.166518443237,1.124680691149084,0.8051240822341534,0.0958034206544962,1.061613181890643,10279.804748833349,0.6466845158489245,245.55167239320903,0.0238868031439095,1.5529387561996475,0.1656333536294688,0.0544059126950194,0.0,22220.56505971125,2435291.8236900964,4461,1596,0.1004015652546335,7.0,0.1677990017779598,0.4317479587285716,84,98,4122594,primary_and_secondary_downstream_links,7020004,15896.2041,3.0,classified,44.93330769,-95.7336354,8.620000000000001,2.78,73.62,4.28,668.2162258939497,6.315060169148505,07,0702,6.167285375100991,3.610917912644224,9.67389616594046,0.1174991652792971,0.0597896209620134,-0.4358967141455626,15896.2041,15896.2041,1.0,4419,139.37154981749697,0.0549630461777978,1369.5111396900002,8.615334397285451,133.08913955454472,0.954923294810319,0.0153467485287979,9.420301975795631,1.0,440.93036178,2.773809137113432,182.63397754002344,1.3104107529777589,-0.0237131068123726,2.0400098449064066,1.0,4461,4461,1.0,km2,channel km; reach midpoint to receiving outlet,area_consistent,included_landscape,True
05320270,39,12,True,6.699999809265137,7.42230765024821,0.4033344019102596,1.75,0.1025641025641025,0.3567100061726861,11.0,-0.0757665947282189,38,1997.0,4,61.30322265625,10.5,0.9743589743589745,1.0,331.5002129672297,1.7807616792727956,0.6309877724772567,0.2714382810615922,2.1785069989058226,193.1965989943564,0.5827947960125588,60.30134430298568,0.3121242538267829,1.9811342168283297,0.7887135732919479,0.0286770356411584,0.0,166699.95368412684,2334779.67890533,75,22,0.0663649649062964,4.0,0.1751987611381462,0.3970297522125602,7,0,10596716,primary_and_secondary_downstream_links,7020011,331.5123,3.0,classified,43.9966325,-93.9085628,4.800000000000001,0.5900000000000001,88.38,4.66,877.505689902355,7.320297318643705,07,0702,4.132013152485254,3.688879454113936,5.80664050059865,0.5770411824805636,0.7786397792880427,-0.5399201339861993,331.5123,331.5123,1.0,75,38.670189200672205,0.6701262668082,15.89167674,4.793691437693262,33.51375015487542,0.8666559654249855,0.1512681243289052,13.729886391152846,1.0,1.97396955,0.5954438342106765,39.16894166084021,1.0128975955504076,0.1808715563345126,1.079650935033067,1.0,75,75,1.0,km2,channel km; reach midpoint to receiving outlet,area_consistent,included_landscape,True
05320500,14,7,True,8.162500381469727,7.863605499267578,0.2857943109966974,1.6999999284744265,0.1428571428571428,0.9431216271240987,5.0,,14,1991.0,24,1024.3870849609375,17.8,1.0,1.0,2866.113340944713,1.1086109686004566,0.888527943206708,0.2980452181764729,1.1423934791199974,1516.188412049088,0.5290050433069511,164.2496890529434,0.1083306584773091,2.661613314766321,0.1352620415378847,0.0370037666891417,0.0,155748.44902624557,2348433.352581173,516,187,0.0652451517979264,6.0,0.1263259826576874,0.473726065903943,33,1,10596370,primary_and_secondary_downstream_links,7020011,2866.1067,3.0,classified,44.11760477,-94.0502846,5.01,1.62,84.86,5.52,869.2645773076653,7.357547887127525,07,0702,6.932825464147341,2.70805020110221,7.961060998043964,0.1031078520557003,0.1331256045336683,-0.6367573135077494,2866.1067000000003,2866.1067,1.0000000000000002,515,88.00658376235609,0.1165045251106666,143.43179976000002,5.004412423305804,74.66745056653527,0.848430280718083,0.0894269929308245,15.540801520089545,1.0,46.063410479999995,1.607177097768202,66.77809186885646,0.758785184176415,0.2674006887179556,2.010762617612804,1.0,516,516,1.0,km2,channel km; reach midpoint to receiving outlet,area_consistent,included_landscape,True
05325000,7,6,False,8.699999809265137,8.522426673344203,0.248682121683945,2.846410036087036,0.2857142857142857,,,,7,1991.0,9,9120.6455078125,12.6,1.0,0.4285714285714285,38392.64870018977,2.149080565264233,0.5712333534504875,0.0915851485024062,2.6095163913193593,23386.414678678157,0.6091378289970018,510.1121850980921,0.0218123295984814,1.6243816674138976,0.5463036353978679,0.0476476371096763,0.0,158506.8690732026,2357592.6503373445,9118,3397,0.0884804803786098,8.0,0.157663275352806,0.467515138739885,189,173,4142894,primary_and_secondary_downstream_links,7020007,38392.6653,3.0,classified,44.17002549,-94.0023121,6.12,2.15,80.82,4.88,733.6672406119359,6.812019088893332,07,0702,9.118405495281328,2.0794415416798357,10.555647326463433,0.765040106610624,0.959164913483925,-0.4957107166866701,38392.6653,38392.66529999999,1.0000000000000002,9032,270.9290709395617,0.0264311579326585,2349.4016535299997,6.119402326386545,297.6390487275853,1.0985866068022727,0.014050551015277,10.163304160870537,1.0,823.10120721,2.1439022291843854,300.10621071989465,1.107692908993298,0.0641686188344942,2.4803653782664306,1.0,9118,9118,1.0,km2,channel km; reach midpoint to receiving outlet,area_consistent,included_landscape,False
05325050,12,7,True,7.509999990463257,7.367361028989156,0.1384469939259119,1.3812496662139893,0.0,0.1189438824612277,5.0,,0,1990.5,3,,20.816666,0.0,1.0,38392.64870018977,2.149080565264233,0.5712333534504875,0.0915851485024062,2.6095163913193593,23386.414678678157,0.6091378289970018,510.1121850980921,0.0218123295984814,1.6243816674138976,0.5463036353978679,0.0476476371096763,0.0,158506.8690732026,2357592.6503373445,9118,3397,0.0884804803786098,8.0,0.157663275352806,0.467515138739885,189,173,4142894,primary_and_secondary_downstream_links,7020007,38392.6653,3.0,classified,44.19136957,-94.0096833,6.12,2.15,80.82,4.88,733.6672406119359,6.812019088893332,07,0702,,2.5649493574615367,10.555647326463433,0.765040106610624,0.959164913483925,-0.4957107166866701,38392.6653,38392.66529999999,1.0000000000000002,9032,270.9290709395617,0.0264311579326585,2349.4016535299997,6.119402326386545,297.6390487275853,1.0985866068022727,0.014050551015277,10.163304160870537,1.0,823.10120721,2.1439022291843854,300.10621071989465,1.107692908993298,0.0641686188344942,2.4803653782664306,1.0,9118,9118,1.0,km2,channel km; reach midpoint to receiving outlet,official_area_missing,included_landscape,True
05330000,44,12,True,6.199999809265137,6.752651534297249,0.337655254653957,1.6499998569488523,0.0909090909090909,0.1824508867454688,7.0,0.1689429200149371,44,1996.0,21,3392.741943359375,11.4,1.0,1.0,41786.63214706523,2.0233664856051465,0.5889497246309824,0.0883178758377091,2.440714177661236,25555.814097222887,0.6115786983569511,624.0260375106052,0.0244181631286172,2.000467682757803,0.8224117536034328,0.0502850113046124,0.0,187665.8602478399,2416448.7466507233,10109,3747,0.0896698251922453,8.0,0.1556512698648448,0.4640813757978899,239,177,2387166,primary_and_secondary_downstream_links,7020012,41786.6571,3.0,classified,44.6926832,-93.642001,6.05,2.47,80.7,5.0,739.7293077292358,6.836447160464278,07,0702,8.129688409715339,3.80666248977032,10.640355693082078,0.7047627012468968,0.8922906922408641,-0.49171163490437,41786.6571,41786.6571,1.0,9999,358.942769504473,0.0131692659377627,2527.92420768,6.04959664907007,385.78036888201416,1.0747684635480774,0.0083504791102606,9.716267954617695,1.0,1034.44072695,2.4755287901457903,341.03317913602405,0.9501046075028242,0.0585034586451158,2.9193320145011743,1.0,10109,10109,1.0,km2,channel km; reach midpoint to receiving outlet,area_consistent,included_landscape,True
05330902,28,12,True,5.8500001430511475,6.019345249448504,0.2038240509379935,1.3687502145767212,0.0,0.3456602542414274,6.0,,0,1997.0,2,,8.7,0.0,1.0,119.69123876343262,1.9564489333099808,0.6710254690656337,0.311454781749606,3.4651040585416304,42.10998518193395,0.3518217842591094,24.87258268464946,0.5906575976502673,1.4715956025024537,0.3332194343726566,0.3594049463434381,0.0,212832.7958140784,2426624.8680867455,25,4,0.033419321592167,2.0,0.2531504291631941,0.4649763964713278,4,0,2386790,primary_and_secondary_downstream_links,7020012,119.6838,2.0,classified,44.80718678,-93.3016129,5.37,5.0,0.6,83.83000000000001,853.2338197243624,7.727474233091417,07,0702,,3.367295829986474,4.793235538587677,0.6711310612850039,1.2427426635160812,-1.0446305263129267,119.6838,119.6838,1.0,24,13.501835368696517,1.0,6.41522763,5.360147012377616,13.943662372196291,1.0327234773225078,0.0,18.95540414210022,1.0,5.97586707,4.993045900949,14.600267231629536,1.0813542628048696,0.0,7.043097466841551,1.0,25,25,1.0,km2,channel km; reach midpoint to receiving outlet,area_consistent,included_landscape,True
05331580,186,12,True,7.199999809265137,7.457965955939344,0.1762148580060923,1.755000114440918,0.0376344086021505,0.1527785785686706,7.0,0.0890946767974696,186,2017.0,31,16256.7744140625,11.1,1.0,0.9946236559139784,95179.40414751024,1.145433179177216,0.7731105590844844,0.0817625512495257,1.410777125464088,49102.0561777441,0.5158895101049921,733.1204648204636,0.0149305451113217,1.9882539240544668,0.0850447031022853,0.02697313779917,0.0,249948.0108657296,2421733.6803267207,23438,7553,0.0793554032792038,8.0,0.1489230769230769,0.4797943754735272,277,589,1101462,primary_and_secondary_downstream_links,7010206,95179.4784,3.0,classified,44.7460861,-92.8478747,15.97,14.82,53.82,7.290000000000001,738.030261242609,6.055821647262645,07,0701,9.696326498829672,5.231108616854587,11.463529360805088,0.1357828878858347,0.3441407053725607,-0.6618626641326879,95179.4784,95179.4784,1.0000000000000002,22999,415.23807741386537,0.0056496632366499,15206.13852129,15.97627847610688,437.0415078052828,1.0525082635176688,-0.0043444120637627,12.531306795682866,1.0,14111.79722982,14.826512465758585,463.06649942543334,1.1151831313482787,-0.0023015182406208,-3.5345925779019023,0.9999995116119152,23438,23438,1.0,km2,channel km; reach midpoint to receiving outlet,area_consistent,included_landscape,True
05331833,29,12,True,5.300000190734863,5.744827574697034,0.3729061318421157,2.0999999046325684,0.0344827586206896,0.3496219846008958,5.0,0.7046574339916095,29,1997.0,2,128.14285278320312,8.0,1.0,1.0,329.5643921446563,1.9435311759817993,0.6161832766114439,0.2186814325277098,3.149913738937249,112.1258026137876,0.3402242635623451,43.53468314803233,0.3882664126649388,1.5123703501040906,0.6400809590283235,0.1357606451093932,0.0,360985.39552112506,2583262.2147992686,44,12,0.0364117006752744,3.0,0.2090059066112209,0.4210272840488255,7,0,1850373,primary_and_secondary_downstream_links,7030002,329.5656,3.0,classified,46.1713687,-91.3293778,23.34,62.98,1.54,4.49,882.4847089724827,4.810123181321909,07,0703,4.86091917757848,3.4011973816621555,5.800801472824659,0.6645065123349685,1.1473750679982149,-1.0781502800987712,329.5656,329.5656,1.0,44,20.831830908778095,1.0,76.94518086,23.347455213772307,25.258157206281595,1.2124789854951414,0.0,29.1220880185227,1.0,207.53743977,62.97302866864744,18.797126411886612,0.9023271403362774,0.0,-26.008760614449947,1.0,44,44,1.0,km2,channel km; reach midpoint to receiving outlet,area_consistent,included_landscape,True
05333500,67,12,True,5.849999904632568,6.637810959744809,0.4705016822707505,3.625,0.1343283582089552,0.5651118206005765,7.0,0.6734374971149686,67,1998.0,6,1233.54833984375,11.0,1.0,1.0,3753.1180471774614,1.036456505009982,0.8633662229762631,0.1854311699715296,1.3382723941963108,1436.7847772126,0.3828242967985343,107.93483391893268,0.075122478767021,1.8555733902931444,0.6399669506928612,0.0664622717225488,0.0,289662.4506695401,2570305.4637354207,781,221,0.0588843721998575,5.0,0.2117719190680563,0.6228360507348869,64,59,2263699,primary_and_secondary_downstream_links,7030001,3753.1179,3.0,classified,46.0761111,-92.2466667,22.16,60.370000000000005,3.5500000000000003,4.27,849.3095648405202,5.188599973612503,07,0703,7.118460465445698,4.219507705176107,8.230608662357286,0.0358076886846854,0.2913795240921691,-0.9601791501570142,3753.1179,3753.1179,1.0,743,79.00540817638583,0.2452431350477958,831.52657764,22.155621000875033,79.00075043331977,0.999941045262931,0.036772772712552,27.00882921677063,1.0,2265.6254508,60.36648757557017,80.1949420144504,1.0150563596280504,-0.0138671909945106,-18.903490027500855,1.0,781,781,1.0,km2,channel km; reach midpoint to receiving outlet,area_consistent,included_landscape,True
05340500,77,12,True,7.699999809265137,8.266666656964786,0.442095678792562,4.099999904632568,0.2727272727272727,0.4273676320881097,7.0,0.4273283065502229,77,1998.0,24,3293.666748046875,11.0,1.0,1.0,15719.822929002628,1.3416843941574454,0.7122927987695773,0.1120655315814725,1.4002891765347265,6770.357415393743,0.4306891652642363,237.5768553792415,0.0350907405329981,2.173966399542042,0.924616844944208,0.0753770311588474,0.0,261425.1672095039,2494310.0317385,3632,1106,0.0703570266023456,6.0,0.1552775104784329,0.5855821399881269,119,146,2649362,primary_and_secondary_downstream_links,7030005,15719.8257,3.0,classified,45.4069444,-92.6469444,29.01,44.16,16.47,4.640000000000001,817.894338943991,5.422392370023949,07,0703,8.10006030314098,4.356708826689592,9.662741413786222,0.2939258351517309,0.3366787699593964,-0.8423686433466041,15719.8257,15719.8257,1.0,3536,149.4083776149598,0.0513066375793212,4561.04768067,29.0146199309958,152.15074247383447,1.0183548265676374,-0.0194960711156339,19.02633475318122,1.0,6942.33296442,44.162913106727395,159.886544477908,1.0701310530922936,-0.0068337676705536,-11.71997320593023,1.0,3632,3632,1.0,km2,channel km; reach midpoint to receiving outlet,area_consistent,included_landscape,True
05355250,34,12,True,7.049999952316284,7.264705882352941,0.1376166954132722,1.3750001192092896,0.0,0.1666048103622712,7.0,0.0940893639975154,31,1997.0,3,23596.7734375,11.525,0.9117647058823528,1.0,119769.69889437004,1.1227827015942824,0.8672485709927329,0.0817604082166038,1.199600184343462,60759.90301700041,0.5073061348395569,775.6112833691685,0.01276518303777,1.9464197318334453,0.0474912671942684,0.0242556260614328,0.0,275143.15997981676,2403241.5009685885,29891,9637,0.0804627555129722,8.0,0.1521576059062733,0.4819783598474428,293,853,1875139,primary_and_secondary_downstream_links,7040001,119769.7041,3.0,classified,44.56530556,-92.5424444,16.89,18.91,49.46,7.180000000000001,757.2966389587502,6.039160698484436,07,0704,10.068907640694206,3.5553480614894135,11.69333435122861,0.1158101588980264,0.1819883215634804,-0.6786406413630458,119769.7041,119769.7041,1.0,29275,400.8049083620432,0.013632054218292,20231.46680931,16.891973609969035,418.1339495450408,1.0432356012151038,-0.0096043813388099,12.8247854158038,1.0,22642.92175797,18.905383400684215,402.7716021744301,1.0049068605981502,0.001329761888799,-4.413913963816524,0.999999606010882,29891,29891,1.0,km2,channel km; reach midpoint to receiving outlet,area_consistent,included_landscape,True
05357215,126,12,True,5.300000190734863,5.326084654009532,0.2175103484480345,1.3750001192092896,0.0079365079365079,0.289318297210056,8.0,0.079021154379944,126,2011.5,26,10.910143852233888,8.35,1.0,0.7301587301587301,43.502856414200814,1.3772021646807608,0.7669868834209038,0.3508224485549285,2.4318837143116347,8.646835367709096,0.1987647727170042,6.728808312119186,0.7781816151198361,1.290205777934393,0.8778727820181224,0.8834383664961617,0.0,491607.01555694826,2575825.192738233,7,1,0.0229869963130413,2.0,0.0557634730538922,0.0351251127913132,1,0,13344478,primary_and_secondary_downstream_links,7050002,43.4952,2.0,classified,46.02388889,-89.6527778,19.58,59.31999999999999,0.0,3.3000000000000003,833.0552236931593,4.5370720653590055,07,0705,2.4773904615674733,4.844187086458591,3.795553376195328,0.3200540242793995,0.8886661481217888,-1.6156332000740246,43.4952,43.4952,1.0,7,4.707696356149643,1.0,8.516712330000002,19.58080967555041,4.730542420344377,1.0048529179595216,0.0,37.79496566484294,1.0,25.80003612,59.3169731832478,4.721455309118381,1.0029226508950104,0.0,-20.246152457075333,1.0,7,7,1.0,km2,channel km; reach midpoint to receiving outlet,area_consistent,included_landscape,True
05357239,103,12,True,9.300000190734863,9.673171566528024,0.4249508718120821,3.866666555404663,0.3980582524271844,0.5083589633422552,8.0,,0,2013.0,26,,6.0,0.0,0.7378640776699029,16.58879639308302,1.8770840938195088,0.694698474759899,0.4415628771859507,5.134919180428441,3.671629738674042,0.2213318948326468,3.671629738674042,1.0,1.3206369339456687,,,0.0,489845.3688221093,2575183.074971285,5,0,0.0,1.0,0.0,,0,0,13344878,primary_and_secondary_downstream_links,7050002,16.5906,2.0,classified,46.01133956,-89.6759827,35.37,46.19,0.0,3.72,833.0062216124011,4.542930590167191,07,0705,,4.6443908991413725,2.867262130773478,0.6297195588487878,1.6360641042943338,-1.508091917445023,16.590600000000002,16.590600000000002,1.0,5,2.1239600466529236,1.0,5.86788408,35.36872735163285,2.153836855304749,1.0140665586901727,0.0,30.342177007508347,1.0,7.66268649,46.1869160247369,2.0806673490800742,0.9796169906109709,0.0,-18.929251743669862,1.0,5,5,1.0,km2,channel km; reach midpoint to receiving outlet,official_area_missing,included_landscape,True
05357245,119,12,True,3.0,3.1588235322166893,0.2481328656792106,0.2999999523162842,0.0,0.0880496792899607,8.0,2.685204791500911e-06,119,2012.0,26,37.76666641235352,8.5,1.0,0.7815126050420168,112.86411431712096,1.0830060525249623,0.8760252094402581,0.395909084384473,1.3390799553377108,32.62387339005668,0.2890544402660305,10.884237256923868,0.3336279885220876,1.4207030106432128,1.0,0.2157913764780443,0.0,487511.0314557447,2576647.434895379,23,4,0.035440848707331,3.0,0.3186985834225213,0.2163279999620124,3,0,13344470,primary_and_secondary_downstream_links,7050002,112.8519,2.0,classified,46.03555556,-89.7055556,22.34,49.16,0.03,3.58,831.9390001580098,4.519562990675664,07,0705,3.6575607642964103,4.787491742782046,4.735005757747313,0.0797405566689455,0.2919827776505069,-1.2411402339870334,112.8519,112.8519,1.0,23,7.662383568198677,1.0,25.21575468,22.3441117783573,8.152174019150356,1.0639214216558497,0.0,32.89645479388065,1.0,55.47899646,49.16088826151797,8.179829517172381,1.0675306768929278,0.0,-11.530222539138371,1.0,23,23,1.0,km2,channel km; reach midpoint to receiving outlet,area_consistent,included_landscape,True
05412500,118,12,True,2.084999918937683,2.7214406905537945,0.7532467439126719,1.0750000476837158,0.0254237288135593,0.4946629666452289,4.0,0.1620384240566434,118,2009.0,10,829.4150390625,12.1,1.0,0.9915254237288136,4023.364188522274,2.627275695555492,0.5174417208515394,0.2953199581369918,3.2142716350837963,3654.1542037318904,0.9082335161595227,221.61275580734295,0.0606467990817179,1.766108595427149,0.213127505305521,0.0572479262388704,0.0,385658.5121454799,2203318.245852852,1912,857,0.2130058229490689,6.0,0.116601874597534,0.4985707685563433,168,11,13312489,primary_and_secondary_downstream_links,7060004,4023.3501,1.0,classified,42.7399884,-91.261799,0.8999999999999999,13.12,78.16999999999999,5.02,962.4186605860028,7.691862123903152,07,0706,6.7219256228720266,4.77912349311153,8.300122211790258,0.9659474521155856,1.1676007799493158,-0.0962537570578824,4023.3501,4023.3501,1.0,1897,103.68589913595888,0.2120437393703322,36.2703429,0.9014960666733924,105.69775726079116,1.0194033917977043,-0.0210281407833114,2.6625831052368447,1.0,527.71139343,13.116218581872854,65.97673902568602,0.6363135158732968,0.2199049973025977,9.597982515190628,1.0,1912,1912,1.0,km2,channel km; reach midpoint to receiving outlet,area_consistent,included_landscape,True
05418600,118,12,True,1.9850000143051147,2.535974584393582,0.7133971089747776,1.4075000882148745,0.0169491525423728,0.4161547366769846,5.0,,0,2009.0,10,,13.8,0.0,0.9915254237288136,4225.354580473017,2.239854869259075,0.5846408245335136,0.2507017385626687,2.5210955538097717,4181.340312835914,0.989583296076379,207.83108117180907,0.0497044166756308,1.7483376841298548,0.4223604960087271,0.0516161101880208,0.0,450339.1867620719,2136876.2546577905,2345,1022,0.2418731920684369,6.0,0.1138926133871518,0.5056815037851435,146,14,13383175,primary_and_secondary_downstream_links,70600061005,4225.3488,1.0,classified,42.10125,-90.51775,0.55,10.83,80.46000000000001,5.77,970.1090567632244,8.32348508844623,07,0706,,4.77912349311153,8.349095099169471,0.8064110732586113,0.9246935506250302,-0.0104713375164289,4225.3488,4225.3488,1.0,2318,109.98436815470714,0.1460725325208655,23.00720778,0.544504344351406,117.40604142515072,1.0674793463376908,0.0033099663405413,1.5273157962207948,1.0,457.42026582000005,10.825621445027217,82.35661489365145,0.7488029096808221,0.1089863034072973,9.98883605200446,1.0,2345,2345,1.0,km2,channel km; reach midpoint to receiving outlet,area_consistent,included_landscape,True
05420500,296,12,True,6.599999904632568,7.282922557278259,0.4034576034629242,2.463749647140503,0.0878378378378378,0.3010400859092721,7.0,0.1374793563385707,296,2009.0,48,58612.796875,14.8,1.0,0.9898648648648648,220066.1295320996,1.5172812422700317,0.7213978567877097,0.0750892220823793,1.6115924181293388,136336.20757582755,0.6195238125271845,1266.621656412638,0.0092904275315724,1.75870850522162,0.7397808186728554,0.0108171157473765,0.0,473353.0240519706,2099881.984713485,74394,26333,0.1196594862461966,8.0,0.1448734751487044,0.4383794344967523,606,1769,14809371,primary_and_secondary_downstream_links,7080101,220066.1037,3.0,classified,41.78058635,-90.252073,15.91,24.96,46.23,6.57,820.7271455135666,6.369697338074523,07,0708,10.978725389405993,5.6937321388027,12.301687913027331,0.4169200769009887,0.4772227697628934,-0.4788041403511325,220065.8877,220066.1037,0.999999018476738,72983,678.8752222818653,0.0037033931451975,35033.875134660004,15.91972090759435,767.1894729594062,1.1300890764295315,-0.001959607605768,10.282107024602867,1.0,54952.43500566,24.970901024229935,645.5754941208921,0.9509486764754138,-0.0019171492626491,-2.7030553627126146,0.9999752209190416,74394,74394,1.0,km2,channel km; reach midpoint to receiving outlet,area_consistent,included_landscape,True
05420680,41,12,True,3.4000000953674316,3.933252035117731,0.6119758867400172,1.8000001907348633,0.048780487804878,0.3056548740866724,4.0,0.1163853847266147,39,1997.0,5,145.90475463867188,12.7,0.951219512195122,1.0,901.2857087642168,4.617789000439258,0.3809828729037861,0.2183022173729966,6.101515888468285,764.9844175252307,0.8487701625427154,127.59905558038912,0.1667995486668598,1.4569732290901936,0.1305048360716189,0.0768137394080711,0.0,305467.81689982605,2208602.5884143542,384,166,0.1841813293895542,5.0,0.0740471510421267,0.4910944209387376,74,2,6949292,primary_and_secondary_downstream_links,7080102,901.2933,1.0,classified,42.83609167,-92.2574,4.49,2.5700000000000003,84.59,5.48,950.518004484228,7.453528441455576,07,0708,4.989784449154835,3.737669618283368,6.804931220200763,1.529916019208344,1.808537246612964,-0.1639668448182352,901.2933,901.2933,1.0,381,63.698178994784506,0.3514060295355573,40.46899032,4.4901022031340965,40.992543138841285,0.6435434071388082,0.3249392262657244,9.5699694422559,1.0,23.153665680000003,2.5689379561570025,66.73062893197695,1.0476065404858863,-0.0301950920197661,2.6586625367718173,1.0,384,384,1.0,km2,channel km; reach midpoint to receiving outlet,area_consistent,included_landscape,True
05422000,150,12,True,2.890000104904175,3.338599994182587,0.5125606344461755,1.5049999952316284,0.0066666666666666,0.3160657161321947,5.0,0.0511134467225677,150,2007.0,18,1432.98388671875,13.333333,1.0,0.9933333333333332,6038.398177001318,5.119120974408059,0.3190422761939271,0.1200218373865765,7.274588588423443,5098.475884356934,0.8443424456134241,426.56275680874074,0.0836647591327271,1.6237496197415335,0.9371491836160932,0.0482304542979208,0.0,450199.3756152237,2097654.3215620336,2737,1122,0.1858108669072876,5.0,0.1127632537281064,0.4897917136299472,281,39,14796119,primary_and_secondary_downstream_links,7080103,6038.4006,1.0,classified,41.7669722,-90.5348556,4.29,3.65,84.36,5.76,959.7918205888772,8.456129455204275,07,0708,7.268211784498631,5.017279836814924,8.706059646395191,1.6329827396259875,1.9843872600390065,-0.1691971254287689,6038.400600000001,6038.4006,1.0000000000000002,2673,198.1861720864545,0.1582824763232833,258.92993907000005,4.288055003671005,186.7737026795296,0.9424154102842937,0.0652994365599126,8.108480750834083,1.0,220.01659074,3.643623623447573,168.07798251165752,0.848081280051855,-0.0577040877318957,2.4234774280964535,1.0,2737,2737,1.0,km2,channel km; reach midpoint to receiving outlet,area_consistent,included_landscape,True
05427948,25,12,True,5.300000190734863,6.568000020980835,0.6337649846312948,4.100000381469727,0.12,0.5744919665658614,4.0,0.2565781105990929,25,1976.0,3,1.561290264129639,8.7,1.0,1.0,49.46929561341585,1.9370706321613484,0.5797556439779109,0.2271729050607678,1.8170481536474217,29.769839908864153,0.6017841883479478,12.63308905276244,0.4243586492717705,1.3750269876571637,0.9238456443815292,0.2561945500707128,0.0,526469.9236562956,2252516.279699138,13,6,0.1212873546227091,3.0,0.3197818760132838,0.5149200476952023,4,0,13294264,primary_and_secondary_downstream_links,7090002,49.4712,2.0,classified,43.1033333,-89.5116667,0.42,4.72,51.38,42.57,970.751135097493,8.15806040876219,07,0709,0.9405111409470216,3.258096538021482,3.921365143714573,0.6611768484793703,0.5972132907950772,-0.5078563890629835,49.4712,49.4712,1.0,13,5.624071004948334,1.0,0.21109941,0.4267117231843982,2.9848399632665954,0.5307258675504606,0.0,0.6135811324259861,1.0,2.3312265300000004,4.712290241595111,6.812186681645648,1.2112554545723109,0.0,5.14892087189985,1.0,13,13,1.0,km2,channel km; reach midpoint to receiving outlet,area_consistent,included_landscape,True
05427952,26,12,True,4.049999952316284,5.79615378838319,1.0464600069504355,4.000000059604645,0.0384615384615384,0.7638020901101966,4.0,,0,1976.0,3,,8.5,0.0,1.0,58.43134507865727,1.0720824843317094,0.7983875255329002,0.241401813103343,1.927455774346975,34.968264247061946,0.598450441282662,13.855424642871249,0.3962285501212829,1.4117615734744566,0.6136263297963596,0.0908871507933107,0.0,527303.0790842738,2252515.7973876097,19,8,0.1369128160447241,3.0,0.2793630313268858,0.3833268293525596,6,0,13293696,primary_and_secondary_downstream_links,7090002,58.4352,3.0,classified,43.10608816,-89.4836917,2.71,5.0600000000000005,49.510000000000005,41.68,970.8854400330058,8.162700699029697,07,0709,,3.295836866004329,4.084821782113483,0.0696030040278275,0.6562008816250481,-0.5134115622870381,58.435199999999995,58.435199999999995,1.0,19,6.0962301087358295,1.0,1.5867097200000002,2.715332060128143,2.0082345820002914,0.3294223718889013,0.0,5.464429232563743,1.0,2.96008452,5.065584647609661,6.729295406075093,1.1038453742800962,0.0,4.613247522790634,1.0,19,19,1.0,km2,channel km; reach midpoint to receiving outlet,area_consistent,included_landscape,True
05449500,56,12,True,4.199999809265137,4.831011891365051,0.4755906592768568,1.334999918937683,0.0357142857142857,0.3545871751718544,4.0,0.0991509451988797,56,1997.0,25,262.7166748046875,14.3,1.0,1.0,1104.7028553606235,1.975431116422318,0.6428190395769364,0.2921536230727157,2.587982031752637,456.46719681249266,0.4132036000427297,81.80789076587486,0.1792196489411261,1.878571840412698,0.101886116670089,0.0274643042540405,0.0,193414.5685170452,2198064.541786069,171,70,0.0633654558421041,4.0,0.0869122528539953,0.4649828629198101,28,0,6570940,primary_and_secondary_downstream_links,7080207,1104.7266,1.0,classified,42.7599722,-93.6216389,2.26,0.6000000000000001,90.03,5.26,884.7264017629401,7.682978985937006,07,0708,5.574875325355837,4.04305126783455,7.008236479945875,0.6807866613280994,0.9508784337059883,-0.8838148291832969,1104.7266,1104.7266,1.0,171,48.17735544459598,0.4774585856808372,24.9696639,2.260257325206074,43.48974762087546,0.9027010141909664,0.0749511057447649,8.102740052317296,1.0,6.65295984,0.6022268170242302,34.34033449362067,0.7127899440871571,0.3109001112206008,1.0829971389948327,1.0,171,171,1.0,km2,channel km; reach midpoint to receiving outlet,area_consistent,included_landscape,True
05451210,238,12,True,3.700000047683716,4.2502475385906315,0.7826599886243171,1.3287501335144043,0.0378151260504201,0.0589799908237856,2.0,-0.0254849715722689,238,2015.5,30,110.16773986816406,11.799999,1.0,1.0,582.6505571013215,2.1916571532667866,0.5503280229099594,0.2228760316581908,3.1712643939522245,271.5546684065793,0.4660678087352392,84.18199372334625,0.3100001712999704,1.8528921802801817,0.1187928441294592,0.1159945153716272,0.0,233700.59535221048,2149355.2728021536,82,36,0.0617866053009534,4.0,0.0870832631937156,0.4214367572340914,22,0,6572160,primary_and_secondary_downstream_links,7080207,582.66,1.0,classified,42.31530556,-93.1521944,0.85,2.25,91.01,4.9,912.0282633384384,8.38667787760479,07,0708,4.711040230627453,5.476463551931511,6.3693024426108895,0.7846579486715234,1.1541303708102062,-0.7634241431349998,582.66,582.66,1.0,82,43.17317756873649,0.6522196478220575,4.961433239999999,0.8515143033673153,26.382103610749184,0.6110762537398584,0.3217195641464583,5.240088294623772,1.0,13.061575709999998,2.2417148439913497,16.417235240855565,0.3802646959380625,0.3426845412683108,7.183350181308851,1.0,82,82,1.0,km2,channel km; reach midpoint to receiving outlet,area_consistent,included_landscape,True
05453100,48,12,True,3.225000023841858,3.5468055605888367,0.3437785836782704,1.3149999380111694,0.0,0.2595231843549334,5.0,0.0335666362406928,48,1997.0,25,1572.08056640625,15.85,1.0,1.0,7228.288697334085,2.9670585428099305,0.4373918237399617,0.1358187677964686,3.5521053312906687,5083.363888212502,0.7032596650556214,365.3363421620511,0.0718690123697827,1.820908987432542,0.866998605400891,0.0334136221761161,0.0,325275.9902470291,2096393.597724284,2885,1186,0.1640775638136059,6.0,0.0980665668482221,0.4227207649719748,192,59,17543597,primary_and_secondary_downstream_links,7080208,7228.2834,1.0,classified,41.81272566,-92.064792,2.77,3.1499999999999995,86.07,5.77,920.0476360232936,8.59806516432432,07,0708,7.360791120059602,3.8918202981106265,8.885895928201505,1.0875710724284606,1.2675404787698303,-0.3520290882930004,7228.2834,7228.2834,1.0,2852,158.6111724584775,0.1279551103378154,200.55739158,2.7746199267726555,119.23280058586694,0.751730150769049,0.1611733641261621,6.665244543131883,1.0,227.66012793,3.1495739075476754,108.0839062562818,0.6814394256153479,0.1130359673658278,2.3311359792571107,1.0,2885,2885,1.0,km2,channel km; reach midpoint to receiving outlet,area_consistent,included_landscape,True
05455100,31,12,True,3.700000047683716,4.471505395827755,0.7014859074466437,1.350000023841858,0.064516129032258,0.4077641648784156,2.0,0.0730298851843629,31,1997.0,3,45.41935348510742,10.966666,1.0,1.0,523.4774023901343,3.3461005344841035,0.4793250722206662,0.2568071337434723,4.145370550583564,419.3216623766377,0.8010310673623462,68.14948099850088,0.1625231585037658,1.3040779764489892,0.1304450089611199,0.0382049792615079,0.0,363086.92143469263,2074502.994003241,222,98,0.1872096093404297,4.0,0.0957455492931531,0.4752645539474219,46,0,11915787,primary_and_secondary_downstream_links,7080209,523.4805,1.0,classified,41.60640556,-91.6157222,2.23,2.82,84.35,5.85,939.2865267395398,9.583419837142731,07,0708,3.8377164732419224,3.4657359027997265,6.262402342809319,1.207795648283041,1.421992181596063,-0.2218555469451426,523.4805,523.4805000000001,0.9999999999999998,217,34.150630423196276,0.7503253702859992,11.67888672,2.2310070231842447,20.4078673278552,0.5975839120672126,0.2496001722746189,6.4616384632225055,1.0,14.76512487,2.8205682675858985,22.13549160531109,0.6481722688866062,0.2437786341998091,0.6324538301112681,1.0,222,222,1.0,km2,channel km; reach midpoint to receiving outlet,area_consistent,included_landscape,True
05457750,19,11,True,3.5999999046325684,3.8500000050193384,0.2655869732004754,1.7499998807907104,0.0,0.2795874255622331,5.0,,0,1985.0,3,,15.0,0.0,1.0,2841.131009363046,2.2348953180209303,0.539125510004757,0.2146695789143011,2.8915761280342744,1800.7432116208151,0.6338121000708532,178.63778945104409,0.0992022562118979,1.8092953514676036,0.9380403700350688,0.1127012569296118,0.0,275791.85537945974,2228016.8375435113,817,318,0.1119272567692302,5.0,0.1622803821341945,0.5381578937348648,93,15,7016429,primary_and_secondary_downstream_links,7080201,2841.1308,3.0,classified,43.0063624,-92.6024087,2.01,2.19,86.53999999999999,6.84,917.4315147381236,7.207937210118066,07,0708,,2.995732273553991,7.952309405188901,0.8041943893940909,1.0618017264847628,-0.4560027405998014,2841.1308,2841.1308,1.0,812,103.82740703469192,0.129103031792834,57.10999689,2.0101150179358163,107.5616309251826,1.0359656857195996,-0.0119672563718524,6.795649572385543,1.0,61.95810474,2.180755097231004,79.54595702402604,0.7661364113373965,0.2331755471629367,4.153625250106842,1.0,817,817,1.0,km2,channel km; reach midpoint to receiving outlet,area_consistent,included_landscape,True
05461390,31,12,True,1.5,2.682258063747037,1.0854886246861235,1.324999988079071,0.032258064516129,0.5216853878550192,3.0,0.2094433583299701,30,1997.0,3,26.24922561645508,10.9,0.967741935483871,1.0,328.23020676466746,3.428635507631133,0.4282704800461664,0.255769429317948,6.220684354318865,237.6867457176472,0.724146470431536,64.89283887895432,0.2730183321035571,1.3930486360918497,0.2204941490432198,0.1445572595375139,0.0,266408.41652485536,2216734.390916332,97,41,0.1249123302944385,3.0,0.1257006264424661,0.3919809780344178,24,0,6560683,primary_and_secondary_downstream_links,7080202,328.2192,1.0,classified,42.90719618,-92.7207472,0.77,1.95,91.19,4.81,938.7880796849806,7.849756395292117,07,0708,3.3050251029606934,3.4657359027997265,5.796757222687771,1.2321623708437286,1.8278799255089095,-0.3227615998318894,328.2192,328.2192,1.0,97,30.296606950324666,0.8425887333830563,2.49858009,0.7612534824288159,19.000361153866397,0.6271448543732976,0.0845755225363926,3.272460680881955,1.0,6.37634448,1.9427091650945467,22.221992751502817,0.7334812372863647,0.1331262424176238,5.606927884001504,1.0,97,97,1.0,km2,channel km; reach midpoint to receiving outlet,area_consistent,included_landscape,True
05463050,22,12,True,4.200000047683716,4.85863633589311,0.4929470350371041,1.8799999952316284,0.0454545454545454,0.3068570471759496,2.0,,0,1985.0,28,,14.95,0.0,1.0,12221.809106705225,1.694552108525438,0.7430672525730975,0.2968135214226563,1.915253898667197,7936.50163524219,0.6493720828030284,269.76779150597184,0.0339907687170456,1.7660951588836975,0.0274994055497151,0.0500685673575625,0.0,289948.938274865,2176722.7475408367,3755,1527,0.1249405866732319,6.0,0.1155218216318785,0.4567184043794809,103,53,22472163,primary_and_secondary_downstream_links,7080205,12221.8488,3.0,classified,42.53756944,-92.4434917,2.9,2.0,85.62,6.5,922.0118853437666,7.694783740304467,07,0708,,3.1354942159291497,9.411059084106853,0.5274184631562909,0.6498501980045225,-0.4317494094536102,12221.8488,12221.8488,1.0,3716,134.2581901123298,0.094938729728026,355.20946137,2.9063480262495145,128.01982586097273,0.9535345721096224,0.1128803680102149,7.550246594584175,1.0,245.2675806,2.0067960634564552,121.35454279980566,0.9038893098310944,0.0744992948504248,2.7234626637143213,1.0,3755,3755,1.0,km2,channel km; reach midpoint to receiving outlet,area_consistent,included_landscape,True
05464020,31,12,True,3.5999999046325684,4.035483864045912,0.5253954727269453,1.5999999046325684,0.032258064516129,0.2568661227069765,3.0,,0,1985.0,13,,15.0,0.0,1.0,13557.915473868545,1.880710553546345,0.7051634625850353,0.2885150013438322,2.1459555043496734,8921.937620241672,0.6580611626793048,302.038493961992,0.0338534639915819,1.7234969778618614,0.0990490760081648,0.0401958462092309,0.0,309261.4376386915,2163290.250367387,4265,1733,0.1278220094630458,6.0,0.1198483715174852,0.4531812528627826,119,59,22476839,primary_and_secondary_downstream_links,7080205,13557.9312,3.0,classified,42.41582235,-92.2187937,2.88,1.86,85.13,7.26,923.7917988039922,7.777852946308675,07,0708,,3.4657359027997265,9.514799578492626,0.6316496594492446,0.7635849097669296,-0.4184573995764672,13557.9312,13557.9312,1.0,4220,154.11912899947083,0.0552911346828489,389.50299333,2.872879258525814,147.5928989892027,0.9576546399357698,0.0771136110652958,7.426081900187347,1.0,253.08382302,1.8666846680856444,148.4845678299462,0.9634402218199404,-0.0081529417013985,2.433420361467643,1.0,4265,4265,1.0,km2,channel km; reach midpoint to receiving outlet,area_consistent,included_landscape,True
05464220,41,12,True,2.5,3.7216666704270898,0.9341063455516032,1.7999999523162842,0.048780487804878,0.2724486750986151,6.0,0.1620461974759967,39,1997.0,17,160.96774291992188,13.0,0.951219512195122,1.0,772.9561810140847,1.9586967647371611,0.5959810702864555,0.2768502440024539,2.7545540928521457,615.230200575697,0.7959444735515822,84.00170266398187,0.136537027254803,1.8321755087985567,0.6528774609518858,0.0605256592694436,0.0,303612.2134149358,2145411.705684034,338,143,0.1850040190019442,5.0,0.1068489518832611,0.4241575973244032,55,4,22476707,primary_and_secondary_downstream_links,7080205,772.9623,1.0,classified,42.25152778,-92.2988889,1.09,1.02,92.4,4.85,933.9062218661452,8.64501121699308,07,0708,5.087397197627547,3.737669618283368,6.651515258310219,0.672279336137349,1.0132555757309665,-0.2282258524156219,772.9622999999999,772.9623,1.0,335,43.02825677390735,0.6497967624035481,8.3952594,1.086114989049272,23.85036883084339,0.5542954936837327,0.2409641198629367,4.3247021944569415,1.0,7.910884530000001,1.0234502420105096,28.928180549307676,0.6723065891632852,0.2127131761658622,0.1797134110736229,1.0,338,338,1.0,km2,channel km; reach midpoint to receiving outlet,area_consistent,included_landscape,True
05464420,47,10,True,2.700000047683716,3.930425532320713,1.4241357511946466,1.290000081062317,0.0212765957446808,0.2815473113505412,8.0,-0.0554130643704953,45,2020.0,26,4073.666748046875,15.4,0.9574468085106383,1.0,16420.855215114814,2.2327812982803614,0.6120112894731266,0.2458585228157328,2.5457569401446345,11380.942321999137,0.693078537804985,387.10671173029215,0.0340135905075296,1.7014208989043638,0.2113652356694781,0.0381270989417245,0.0,346183.9398173553,2126037.744339061,5756,2350,0.1431106948581404,6.0,0.1143770010025166,0.3976033422238063,193,86,22473833,primary_and_secondary_downstream_links,7080205,16420.8843,1.0,classified,42.06916389,-91.7851806,2.94,2.06,85.26,7.0,928.118356352162,7.947104098383852,07,0708,8.312544242710429,3.871201010907891,9.706368361710249,0.8032480273003655,0.9344280282348836,-0.3666119560476885,16420.8843,16420.8843,1.0,5692,208.1726141021528,0.0495030891850324,482.53227633000006,2.9385279593620908,195.01832387399332,0.9368106593420376,0.0468812032476527,7.274463305171954,1.0,338.62761387,2.0621764801667832,182.1805321390153,0.8751416843409437,0.1280141826730069,2.138742177475865,1.0,5756,5756,1.0,km2,channel km; reach midpoint to receiving outlet,area_consistent,included_landscape,True
05464480,78,12,True,3.0,3.3520512794836974,0.4341961740618493,1.0024999976158142,0.0128205128205128,0.1568384788058458,6.0,,0,2005.0,23,,16.175,0.0,0.9743589743589745,16802.99282886066,2.2542336152219384,0.5953164053006137,0.2353872882003388,2.6019410954777116,11689.92342870895,0.6957048394754087,405.069715559776,0.0346511863854451,1.6988432568739256,0.2332787469997048,0.037263296942324,0.0,354698.2656402108,2118964.3468855163,5961,2424,0.1442600151466208,6.0,0.1122874612956076,0.3938154287790252,209,95,22473911,primary_and_secondary_downstream_links,7080205,16803.0126,1.0,classified,42.0116655,-91.704903,2.95,2.14,85.04,7.12,928.9613224662944,7.972564421194467,07,0708,,4.3694478524670215,9.729371805537255,0.8128100549770706,0.9562577416625488,-0.3628297898090795,16803.012600000002,16803.0126,1.0000000000000002,5894,220.1829634306648,0.0544738745241433,495.8590014,2.951012495223624,206.28214732068616,0.9368669769295932,0.0332051224432393,7.286851092540524,1.0,359.73460656,2.140893511917023,188.0945207979954,0.8542646436731514,0.1490310803926411,2.1721015841814015,1.0,5961,5961,1.0,km2,channel km; reach midpoint to receiving outlet,area_consistent,included_landscape,True
05464760,20,12,True,4.150000095367432,4.541666650772095,0.4164701114729645,1.3500001430511477,0.05,0.3719589268525591,3.0,,0,1985.0,3,,14.75,0.0,1.0,17692.634851124767,2.301042308051691,0.5831791251817335,0.2135084974960515,2.7763994310113107,12381.042335122773,0.6997851048927105,424.24535931323067,0.0342657223705409,1.6861992547137683,0.3068748210408679,0.0351862186342641,0.0,366193.9405106721,2111562.749024884,6352,2586,0.1461625146146958,6.0,0.1124963558523718,0.4028125450905171,219,98,17556797,primary_and_secondary_downstream_links,7080206,17692.6608,1.0,classified,41.93389327,-91.5485092,2.8899999999999997,2.21,84.35000000000001,7.85,930.3491927624724,8.029997039862018,07,0708,,3.044522437723423,9.78096024095488,0.833362197695011,1.0211549195456937,-0.3569819840811465,17692.660799999998,17692.660799999998,1.0,6276,229.52914329680715,0.049998189079621,510.3606671099999,2.884589677489324,219.7685529053116,0.9574755943785578,0.0305475939502062,7.202504533826369,1.0,392.19418359,2.216705491748307,191.34647989725244,0.8336478633992886,0.1216576370566963,2.111719567249447,1.0,6352,6352,1.0,km2,channel km; reach midpoint to receiving outlet,area_consistent,included_landscape,True
05464935,25,12,True,3.5,3.758000011444092,0.3238038853898453,1.0999999046325684,0.0,0.22567394562755,5.0,,0,1997.0,3,,11.7,0.0,1.0,19565.08774729519,2.761309695202439,0.476647008998906,0.1454926052386576,3.193479014192221,13879.54061708533,0.709403443335138,519.510022524075,0.0374299147829556,1.6738382820302806,0.0448504794936972,0.0390173020079958,0.0,396786.206540468,2060330.0225924496,7144,2893,0.1478654242376166,6.0,0.1133297766938495,0.41867960934931,284,112,17557643,primary_and_secondary_downstream_links,7080206,19565.1135,1.0,classified,41.45891465,-91.2112657,2.96,2.7899999999999996,83.86999999999999,7.69,933.1504516465247,8.173108563904998,07,0708,,3.258096538021482,9.881553129689683,1.0157050944238697,1.161110922584801,-0.3433308827847338,19565.1135,19565.1135,1.0,7047,297.409820894921,0.0296250313089162,578.66937966,2.957659201210358,280.2787073605881,0.9423989648936794,0.0437918659441606,7.17757601648105,1.0,544.98330648,2.785485024045478,222.26784804897028,0.7473453545688412,0.0625729587993256,2.5597621412260496,1.0,7144,7144,1.0,km2,channel km; reach midpoint to receiving outlet,area_consistent,included_landscape,True
05465500,291,12,True,3.5350000858306885,4.277943861033909,0.6463282811405057,1.2149999141693115,0.0343642611683848,0.1386789706492629,4.0,0.0252972582060166,291,2010.0,49,10097.4189453125,13.8,1.0,0.9518900343642612,32340.927347993147,2.316844004856044,0.5838351649250225,0.2203593664148714,2.662063825020049,23670.80472599866,0.7319148418750431,572.2052997237007,0.0241734620494428,1.6848345593997809,0.2396629884043666,0.039865209877248,0.0,402711.43933110416,2027705.245857012,12576,5136,0.1588080621416907,7.0,0.106763220993753,0.4347897240415187,312,197,11919825,primary_and_secondary_downstream_links,7080209,32340.9546,1.0,classified,41.1780861,-91.1820917,3.1799999999999997,3.49,83.16999999999999,7.220000000000001,932.0159758394273,8.549635379204302,07,0708,9.220134150507606,5.676753802268282,10.3841197277682,0.8402059168376008,0.9791016960266072,-0.3120911080246902,32340.9546,32340.954599999997,1.0000000000000002,12381,306.1194501943458,0.0230941420634504,1028.93036598,3.18150895267637,268.319359772318,0.8765184949926257,0.0475144624564517,7.228923184278681,1.0,1124.39997963,3.476706218282128,225.14842075587103,0.7354920460393198,0.0355226174296333,2.8111878917399293,1.0,12576,12576,1.0,km2,channel km; reach midpoint to receiving outlet,area_consistent,included_landscape,True
05474000,159,12,True,4.130000114440918,4.886635195909056,0.6070277884575095,2.2499998807907104,0.0628930817610062,0.2770308417505508,4.0,0.0113314630432483,159,2007.0,36,2161.290283203125,15.0,1.0,1.0,11165.299950054366,4.188620541966964,0.4279709037494397,0.1694467582576516,5.2814191299501205,9033.560441069876,0.8090745865744422,424.0893816079387,0.0469459837430071,1.554996180812117,0.7154441854503041,0.0799867958080732,0.0,395465.90287175984,1981234.6261812616,4980,2043,0.182977618974764,6.0,0.0981530991672045,0.4684227007171744,313,14,7006146,primary_and_secondary_downstream_links,7080107,11165.2695,1.0,classified,40.75365,-91.2770889,2.02,7.72,81.1,6.42,942.3536076560216,9.878940143675202,07,0708,7.678923255237673,5.075173815233827,9.320655588312157,1.4323714534663152,1.6641948362165102,-0.211864170160529,11165.2695,11165.2695,1.0,4831,220.2550306011152,0.0433984598401319,225.10836162,2.016148034939954,200.77392270643557,0.9115520410974848,-0.0188160237183617,5.49509760792843,1.0,863.40268125,7.73293184951783,144.07627548413336,0.6541338696824474,0.1217901971877964,7.600410099009348,1.0,4980,4980,1.0,km2,channel km; reach midpoint to receiving outlet,area_consistent,included_landscape,True
05490500,224,12,True,4.230000019073486,4.435796128852027,0.2650193868912125,0.9962502717971802,0.0044642857142857,0.0812852283673634,3.0,-0.0602874124209642,224,2013.0,22,8240.720703125,14.7,1.0,0.9866071428571428,36310.58022512574,2.8938523971768024,0.4284084265357646,0.1108856345909548,3.2156517159670197,23034.13935143517,0.6343643976114789,820.907334350765,0.0356387239751424,1.7465784817989785,0.4945977280415495,0.0201375731689599,0.0,338918.249306385,1976528.12860035,12070,4818,0.13268859847814,7.0,0.0736754711981056,0.4167592340671544,441,136,4998271,primary_and_secondary_downstream_links,7100009,36310.6152,1.0,classified,40.72780556,-91.9596139,2.1799999999999997,8.27,80.26,6.76,873.13648220921,8.844676279773765,07,0710,9.01696442429777,5.41610040220442,10.49989198384492,1.0625886238598026,1.16803004817821,-0.455131730016413,36310.6152,36310.6152,1.0,11836,401.5790276306719,0.019733683829185,793.85765436,2.1862963488429137,416.6683561002317,1.0375749913001864,-0.0097986672091608,7.193340253013453,1.0,3001.92845796,8.267357744905407,214.9554562559601,0.5352756032211234,0.0609903594861833,10.630743931866274,1.0,12070,12070,1.0,km2,channel km; reach midpoint to receiving outlet,area_consistent,included_landscape,True
05520500,40,12,True,5.0,5.083750009536743,0.2489349396279219,0.8250001668930054,0.0,0.2509300546069926,5.0,0.1002474148042363,40,1988.0,3,2216.75,12.4925,1.0,1.0,5869.739789797466,2.091917730979778,0.5888918712030534,0.1299879450040971,3.2090900154516517,1805.8314123158273,0.3076510163967825,160.6516779622419,0.0889627220274231,1.3958349056118624,0.612006527408031,0.0934644882999306,0.0,691100.3704244292,2047012.8774126584,979,247,0.0420802299327348,5.0,0.1527825957678775,0.4020169096946906,47,23,13438215,primary_and_secondary_downstream_links,7120001,5869.7001,3.0,classified,41.15994444,-87.66875,5.0,9.97,72.8,9.8,1018.69549695947,9.952616184960611,07,0712,7.704248447400697,3.713572066704308,8.67773593380748,0.7380812198939284,1.165987412669685,-1.1787892020572872,5869.7001,5869.7001,1.0,955,97.26308847643683,0.2418340759862672,293.52826953,5.000737082461845,105.19026529816904,1.0815024172674987,-0.0425920790786311,12.227965712276989,1.0,584.91385452,9.96497000792255,101.51501012126992,1.0437156758173802,-0.0427758361441831,-0.0682346223957317,1.0,979,979,1.0,km2,channel km; reach midpoint to receiving outlet,area_consistent,included_landscape,True
05526000,39,12,True,4.599999904632568,4.892307678858439,0.2241214235867312,1.75,0.0,0.2966572325518363,9.0,0.0112045576463396,39,1988.0,3,1381.7667236328125,13.783334,1.0,1.0,5412.202353072144,1.7023825644767845,0.6766273586721131,0.2681385889287914,1.9724090508496532,3665.262210828288,0.6772219462097097,171.65331141982705,0.0468324778818583,2.1216539600801756,0.948585198659526,0.0166557208752185,0.0,681425.3777167602,2029192.872959958,1662,661,0.1221314276294186,6.0,0.200880792713442,0.5244604803597364,80,32,13451898,primary_and_secondary_downstream_links,7120002,5412.24,3.0,classified,41.0092222,-87.8240556,1.38,3.63,88.54,5.93,1001.6139484038556,10.453544644953393,07,0712,7.231841643274846,3.688879454113936,8.596596128893777,0.5320287783815292,0.6792556641068764,-0.3897562219687137,5412.240000000001,5412.24,1.0000000000000002,1641,87.54358918775772,0.2465084142610083,74.69159669999999,1.380049604230411,81.35813332484223,0.9293442738605412,0.0871892271230592,3.8370784909429583,1.0,196.13052981,3.6238328272582145,91.63983231319634,1.046790897693871,0.0775969472121902,2.7787797204223414,1.0,1662,1662,1.0,km2,channel km; reach midpoint to receiving outlet,area_consistent,included_landscape,True
05532500,52,12,True,7.450000047683716,7.531089755205008,0.1745736865992964,1.6624999046325684,0.0576923076923076,0.1644357809629741,7.0,-0.0317035746097959,52,1989.0,13,506.98388671875,12.25,1.0,1.0,1655.9867156707087,3.919284662851601,0.4414643636007783,0.1602720039616372,5.444336432922493,847.1178444064889,0.511548695644813,144.57379916094598,0.1706655102540519,1.4248204412402703,0.4489413882915276,0.0580493932899245,0.0,673638.4884911752,2116589.472413468,480,148,0.0893726976185657,5.0,0.1611065704375359,0.615153903914886,56,9,14786231,primary_and_secondary_downstream_links,7120004,1655.9478,1.0,classified,41.82149167,-87.8220361,6.13,7.63,18.17,64.50999999999999,953.184474418515,9.469173601648292,07,0712,6.2304497280178435,3.970291913552122,7.41275600029769,1.365909153183718,1.694575881726644,-0.6703124964702073,1655.9478,1655.9478,1.0,475,74.11232404907331,0.315708321240561,101.47752828,6.128063232427979,87.95923776492701,1.1868368573448729,-0.1176375054581725,13.630733864595587,1.0,126.37867581,7.631803116619981,90.54242614165724,1.221691902168724,-0.2314278482752224,3.964860194404741,1.0,480,480,1.0,km2,channel km; reach midpoint to receiving outlet,area_consistent,included_landscape,True
05536995,40,12,True,6.25,6.098106074333191,0.1872926407106077,1.4500000476837158,0.0,0.4156618804823768,3.0,-0.111468142987495,40,1988.0,3,3484.53759765625,14.8776245,1.0,1.0,1889.979244301656,1.8804748557634832,0.4479692091928413,0.1148150021843916,2.747066294508586,727.7288119129373,0.385045927941834,92.791479307192,0.1275083214903592,2.487185785225852,0.986836512980676,0.0693919380274499,0.0,655805.3751164913,2096230.8699728448,287,73,0.0386247627957276,4.0,0.2006349536796086,0.4441503241280375,23,2,14787485,primary_and_secondary_downstream_links,7120004,1890.0099,3.0,classified,41.64,-88.0599722,4.7,5.57,5.7,81.07000000000001,1000.6281480855592,10.399459238666887,07,0712,8.156377571744262,3.713572066704308,7.544850092554675,0.631524327801096,1.0105335402433306,-0.9543926584538264,1890.0099,1890.0099,1.0,269,61.81281307002678,0.385803693409225,88.81821962999999,4.699352084346224,62.62945492677076,1.0132115303637586,-0.0561457340178585,13.427396856795772,1.0,105.39647136,5.5765036659331795,66.3636775412016,1.0736233192626132,-0.0552964848612518,4.68771845705575,1.0,287,287,1.0,km2,channel km; reach midpoint to receiving outlet,area_consistent,included_landscape,True
05538020,14,7,True,5.1000001430511475,5.166761909212385,0.0930822235741364,0.5549999475479126,0.0,0.1598080080931056,4.0,,0,2022.0,9,,22.8,0.0,0.8571428571428571,4232.5676475615255,2.0245508653703883,0.4861314117839684,0.1407669757593576,3.5453741731841784,2036.557098280431,0.4811635082675491,194.3036269962365,0.095407895590208,1.433885920355451,0.9397250833192714,0.0334045342076722,0.0,650188.822728314,2079143.5429582752,1041,305,0.0720602776840949,5.0,0.1640705948212786,0.5688735733750223,73,18,14788089,primary_and_secondary_downstream_links,7120004,4232.5353,3.0,classified,41.5,-88.1069444,5.33,6.869999999999999,12.18,72.01,982.6509395239244,10.020998823298124,07,0712,,2.70805020110221,8.350800332064512,0.7053478810795603,1.2656437039724295,-0.7315481326126886,4232.5353,4232.5353000000005,0.9999999999999998,1004,89.32467425332518,0.192298360748462,225.25181703,5.321912307027894,98.49131559318069,1.1026216039015029,0.0445364244861225,12.672221951124026,1.0,290.61777204,6.866281116190573,97.72330518516613,1.0940236390677718,0.0919891422148065,4.494567632027394,1.0,1041,1041,1.0,km2,channel km; reach midpoint to receiving outlet,official_area_missing,included_landscape,True
05540500,40,12,True,5.300000190734863,5.651494580507278,0.3837328224136218,1.1999998092651367,0.025,0.190105944147648,6.0,-0.0055562669059924,40,1988.0,3,283.53228759765625,12.025,1.0,1.0,825.014790564405,2.3671997204735096,0.5638336327837077,0.2236884079621743,2.702595569247054,431.89216649350016,0.5234962711371953,82.87153441390427,0.1918801516747386,1.4599835701414507,0.2033300356629727,0.1558571941688043,0.0,645848.2660352513,2083978.0768761283,247,82,0.0993921574956281,4.0,0.1095325739069148,0.4217571482333936,34,7,14787279,primary_and_secondary_downstream_links,7120004,825.0228,1.0,classified,41.52230278,-88.1928694,2.36,4.4,11.36,76.97999999999999,984.146962555424,9.963598273755952,07,0712,5.650846736046711,3.713572066704308,6.716612679612969,0.8617077040206815,0.994212633179616,-0.6472253716440096,825.0228,825.0228000000002,0.9999999999999998,240,41.39750999572376,0.6245347401308182,19.46756583,2.35963973722908,43.3712206223576,1.047677037262331,-0.079181298785861,6.553030110473432,1.0,36.30668517,4.400688704603073,46.64231752067728,1.1266937921023583,-0.0137271324915444,4.27002279394038,1.0,247,247,1.0,km2,channel km; reach midpoint to receiving outlet,area_consistent,included_landscape,True
05543500,58,12,True,5.5,6.123563207429031,0.3733506975253378,0.975000023841858,0.0517241379310344,0.0634643777932482,8.0,-0.009937503735807,58,1988.0,20,8984.404296875,14.55,1.0,1.0,21309.38397190291,1.0816009472356225,0.7183669865498118,0.1085640331439717,1.1721160778763375,11325.494367588191,0.5314792010187255,288.1610201333573,0.0254435710071985,1.8655385821629291,0.0040285378537239,0.0500050161893432,0.0,603785.3743444862,2058757.871949539,5323,1818,0.0853145263324876,6.0,0.1764284165568224,0.4757027710678861,147,117,14780172,primary_and_secondary_downstream_links,7120005,21309.381,3.0,classified,41.327,-88.7170833,3.36,6.31,63.28,24.42,996.058562827768,10.161324482300444,07,0712,9.103356795075111,4.07753744390572,9.966949743320898,0.078442302078759,0.1588107288070326,-0.6320912145740655,21309.381,21309.381,1.0,5196,162.59965605207395,0.035738344534738,715.5246069,3.3577916078369423,172.85500601739312,1.0630711664115378,0.0274286941445015,6.597297984261578,1.0,1345.246335,6.312930136262522,172.7228480399361,1.062258385003103,0.0321436625847982,2.7822227652291236,1.0,5323,5323,1.0,km2,channel km; reach midpoint to receiving outlet,area_consistent,included_landscape,True
05550000,39,12,True,8.199999809265137,8.315567799103565,0.1681533588285025,1.825000047683716,0.1282051282051282,0.3102877520220972,8.0,0.062679072261121,39,1988.0,3,681.9666748046875,12.7,1.0,1.0,3574.6598275718147,2.662121172341473,0.5298727887254149,0.1993253082009165,2.79570939973109,1934.0968906672597,0.5410576065865959,196.0069684980829,0.1013428900299099,1.7140738792585783,0.1856814699682757,0.038776975269903,0.0,632015.3756580746,2155087.997595887,1233,358,0.1001493896674306,6.0,0.1613346436543728,0.4319555473022236,85,37,14771760,primary_and_secondary_downstream_links,7120006,3574.6812,1.0,classified,42.16630556,-88.2903333,11.5,13.739999999999998,40.96,27.5,930.9803132808084,8.625639780030207,07,0712,6.526446066000736,3.688879454113936,8.181905005250641,0.9791232382237528,1.0280858846821423,-0.6142295241286488,3574.6812,3574.6812,1.0,1212,93.0964225599894,0.1853699569069264,410.9413509,11.495888106049849,100.24722981790876,1.076810763091477,-0.0296082339510485,20.45446997090716,1.0,491.36743719,13.745769474212135,90.57643970681382,0.9729314748743244,0.0413444385708599,-1.8824871131757703,1.0,1233,1233,1.0,km2,channel km; reach midpoint to receiving outlet,area_consistent,included_landscape,True
05552500,45,12,True,5.800000190734863,6.035925923453437,0.1652209572852062,1.4000000953674316,0.0,0.2048614524766067,9.0,-0.0308338758056385,45,1989.0,10,1517.63330078125,13.866667,1.0,1.0,6786.499943729943,3.160115202936501,0.4420563642810975,0.1252110671882475,4.402389191421343,3818.194697263092,0.5626161834408807,322.0816650530322,0.0843544372642658,1.547162573307992,0.3018847213728826,0.0162211954557202,0.0,597432.8713144251,2063895.3717120816,2053,656,0.0966624925129601,6.0,0.1670398652259909,0.4234996260274787,156,43,14763925,primary_and_secondary_downstream_links,7120007,6786.5013,1.0,classified,41.38413889,-88.7889722,6.67,10.09,51.28,27.36,944.0987779767928,9.066701317669487,07,0712,7.325566065144822,3.828641396489095,8.822837955951943,1.1506084835597692,1.4821473916044248,-0.5751576178923898,6786.5013,6786.5013,1.0,2018,147.31606400409152,0.1465434184769109,452.40220836,6.666206758996716,213.28892740866183,1.4478321074525724,-0.1302253084774887,11.95079379512099,1.0,684.74294361,10.089778419551765,174.2019120081006,1.1825045230862423,-0.0368563571484221,4.089660761049618,1.0,2053,2053,1.0,km2,channel km; reach midpoint to receiving outlet,area_consistent,included_landscape,True
05553700,35,12,True,5.261666774749756,5.338486998421805,0.0901574111388164,0.62583327293396,0.0,0.0218817326474806,2.0,,0,2023.0,5,,25.4,0.0,0.7714285714285715,28510.876329396615,1.3596202556874744,0.6723272787807122,0.1028799562475097,1.620998670139346,15502.479699829655,0.5437391513583736,312.0226307723914,0.020127272334104,1.771810815097494,0.2579179330428541,0.0368692405722813,0.0,582103.8068803105,2056567.74408299,7551,2542,0.0891589571162717,7.0,0.1745914539473301,0.4661835671526789,164,164,14835421,primary_and_secondary_downstream_links,7130001,28510.8597,3.0,classified,41.3247564,-88.9839693,4.12,7.25,60.53,24.94,983.1075475001315,9.901044190518714,07,0713,,3.58351893845611,10.258075992768024,0.3072054369985386,0.483042422357981,-0.6092856483031077,28510.8597,28510.8597,1.0,7386,179.6465953473423,0.0374043368464262,1175.0436117,4.121389618075949,209.98701015577515,1.168889450700529,-0.0189722133538646,7.86701380744708,1.0,2068.2553095900003,7.254271990928426,192.70841280502088,1.0727084052576887,0.0245427874065259,3.3394782732732073,1.0,7551,7551,1.0,km2,channel km; reach midpoint to receiving outlet,area_consistent,included_landscape,True
05568000,37,12,True,2.4000000953674316,2.5064865028536,0.2108803529453458,0.7199997901916504,0.0,0.0730609140259326,10.0,-0.0144622437381891,37,1998.0,29,208.4193572998047,10.3,1.0,1.0,2784.5587622754597,2.0625679250500446,0.5388848096781702,0.2429188636419578,2.2259006012098292,2117.042394821128,0.7602793029553964,182.68705921004616,0.0862935289614177,1.9418941944926025,0.8977283796429293,0.0584601251638457,0.0,533469.3012822042,1954714.981251352,1051,446,0.1601690027311694,5.0,0.1368366447136136,0.533351672268965,97,1,13598741,primary_and_secondary_downstream_links,7130004,2784.5523,3.0,classified,40.45466667,-89.6061667,0.45,6.14,85.39999999999999,7.41,958.7975522790468,10.746588712798188,07,0713,5.34433873590133,3.6375861597263857,7.932203765011274,0.7239517720420052,0.8001615983118028,-0.2740694093260946,2784.5523000000003,2784.5523000000003,1.0,1043,103.30954065179525,0.1682536901892631,12.35289825,0.443622418225005,62.89045393320471,0.6087574636032596,0.2745761420729754,1.859042268223165,1.0,170.9326368,6.138603925665177,73.01251448410662,0.7067354478924194,0.0739479224754986,9.22169235095532,1.0,1051,1051,1.0,km2,channel km; reach midpoint to receiving outlet,area_consistent,included_landscape,True
05572000,43,12,True,2.9000000953674316,3.068827504335448,0.3330035580230435,1.3549998998641968,0.0,0.3575258974237572,9.0,0.0273233529307898,43,1998.0,34,266.45159912109375,12.55,1.0,0.9767441860465116,1447.3555915946845,1.045806299705396,0.7708904650548113,0.2522964643713342,1.5849180836832597,1141.7658169815224,0.7888633751181591,133.60840882018445,0.1170191004433851,2.672878636608512,0.9786580679148028,0.0826065959339486,0.0,623105.0010364839,1911790.8644045624,550,237,0.1637469059962489,5.0,0.1889395834866436,0.5540189574029784,68,7,13571751,primary_and_secondary_downstream_links,7130006,1447.3503,3.0,classified,40.03116667,-88.5891667,1.18,2.09,88.42,7.99,987.7055739034402,10.898615957648614,07,0713,5.588938612099761,3.784189633918261,7.278184117102949,0.0447881665684336,0.4605327237749084,-0.2371621352114606,1447.3503,1447.3503,1.0,548,67.20743077646786,0.3583738504769715,17.158538340000003,1.1855138552152855,38.80561332899408,0.5774006368144272,0.2922496629475406,4.001800836466226,1.0,30.16089009,2.083869405354046,42.860830124164615,0.6377394527506918,0.2468589263253393,3.514419044397013,1.0,550,550,1.0,km2,channel km; reach midpoint to receiving outlet,area_consistent,included_landscape,True
05583000,44,12,True,3.1549999713897705,3.638787871057337,0.5378957453982395,1.3074999451637268,0.0227272727272727,0.0641441963256682,5.0,-0.131605043284812,44,1997.5,46,1953.9354248046875,12.25,1.0,1.0,13188.52624484378,1.3929480573639608,0.7532310841249703,0.3276161490794497,1.6426604032618657,9144.09754042679,0.693337327512374,344.55388095705564,0.0376804686776092,3.0526880055025383,0.7499299880368221,0.0674793118499962,0.0,506873.8081162762,1915422.7487064144,4570,1912,0.1449745001453457,7.0,0.1363333935027531,0.5005067090863896,206,53,14819009,primary_and_secondary_downstream_links,7130008,13188.5316,3.0,classified,40.1233611,-89.9839722,1.19,4.4,83.89999999999999,9.49,987.5697081463984,11.402526617574743,07,0713,7.578112441083497,3.80666248977032,9.487178327313746,0.3314224057779341,0.4963171246064884,-0.3662386341363218,13188.5316,13188.5316,1.0,4536,145.66405663851538,0.0830784982916521,157.8610467,1.196956958422877,129.05856942462464,0.8860014776665224,0.0426049671024741,4.1570859100578055,1.0,580.45970421,4.401245884037614,124.81608743410978,0.8568763654842966,0.0549629884452313,7.215922614599378,1.0,4570,4570,1.0,km2,channel km; reach midpoint to receiving outlet,area_consistent,included_landscape,True
05586100,162,12,True,4.699999809265137,5.299722243238379,0.3918714927496738,1.0999999046325684,0.0493827160493827,0.0301596524240398,5.0,0.0258605262290765,162,2008.0,41,22493.38671875,14.4,1.0,1.0,68921.75704937395,1.5390576760143753,0.6795218080415298,0.119497626282767,1.7946321422802436,45957.19875230403,0.666802483276527,596.4385499805732,0.0129781310909571,1.6702229157331006,0.5074332159065995,0.0348307366242013,0.0,454688.8128895471,1866562.4957109764,22785,8793,0.127579452069118,8.0,0.1505613508578452,0.4986483606776722,313,305,3598294,primary_and_secondary_downstream_links,7130011,68921.7453,3.0,classified,39.70319444,-90.6430833,2.69,9.67,70.28,15.03,978.8979358395096,10.53069237196434,07,0713,10.02102107790074,5.093750200806762,11.140741693460052,0.4311703304471649,0.5848000662754479,-0.4052614039424763,68921.7453,68921.74530000001,0.9999999999999998,22503,317.34122520860194,0.0193492618939816,1852.00821135,2.6871174014654566,365.3857071874541,1.1513969133612263,0.0188844295259848,4.995329320061301,0.9999914741845412,6657.889074659999,9.66007033872951,257.9774827733151,0.8129340352919338,0.0247318579653166,9.535494250473626,1.0,22785,22785,1.0,km2,channel km; reach midpoint to receiving outlet,area_consistent,included_landscape,True
05586300,67,9,True,4.125,4.1604228838166195,0.1378229695026344,0.5225001573562622,0.0,0.1632618327716086,8.0,,0,2022.0,8,,16.8,0.0,1.0,69253.95474375831,1.5390576760143753,0.681157461527397,0.1188143964756388,1.811515588975923,46254.92585688616,0.6679030248601796,608.4334337654988,0.0131539165287607,1.6948146837101865,0.571341245050958,0.0347193833595914,0.0,459338.8755056079,1855818.2472511304,22956,8858,0.1279060529145933,8.0,0.1504190424757104,0.4946367434467746,322,305,3607116,primary_and_secondary_downstream_links,7130011,69253.9524,3.0,classified,39.63275,-90.6076667,2.6799999999999997,9.71,70.28,14.98,978.9753257138924,10.536588682540112,07,0713,,4.219507705176107,11.145549970136432,0.4311703304471649,0.5941638368781659,-0.4036122883490196,69253.9524,69253.95240000001,0.9999999999999998,22673,327.8466291348514,0.0168459858184209,1858.11377499,2.683043653967683,376.1670210097412,1.1473871852896629,0.013528359999183,4.988362860895471,0.9999915278177484,6724.53437193,9.70996475853124,267.4718687233039,0.8158444984751883,0.0191701753422645,9.589849948263064,1.0,22956,22956,1.0,km2,channel km; reach midpoint to receiving outlet,area_consistent,included_landscape,True
05587455,303,12,True,5.369999885559082,5.538795372833906,0.198758473415513,1.142499923706055,0.0099009900990099,0.1688799057096562,8.0,,0,2011.0,29,,15.95,0.0,0.9966996699669968,444073.81631028216,1.6367562059183314,0.7136995291777222,0.083167980596308,1.77420015581123,301585.2406696449,0.6791331296572596,1786.47037024698,0.0059236001280443,1.8773242969451425,0.6550675015921413,0.01418395463813,0.0,483728.59016264434,1783503.7539871954,162247,61356,0.1381662186475986,9.0,0.1318556697705923,0.4405139299033885,941,3148,880512,primary_and_secondary_downstream_links,7110009,444073.8582,3.0,classified,38.95115948,-90.3712256,9.49,17.39,60.470000000000006,8.25,887.8851167919836,8.122364702633147,07,0711,,5.717027701406222,13.003748332422292,0.4927163599422812,0.5733497049249013,-0.3869381034001966,444073.6224,444073.8582,0.999999469007248,159516,840.5259147497263,0.0024804103293661,42158.39129415,9.493558988328235,1131.8851831819225,1.3466392449291118,0.0009192002141198,7.764219929024762,0.999998698457546,77176.66554432,17.379250117856134,913.0178644580254,1.0862459424940922,0.000610127121789,2.9071639700985585,0.9999887064076656,162247,162247,1.0,km2,channel km; reach midpoint to receiving outlet,area_consistent,included_landscape,True
07077500,30,12,True,6.5,7.700333412488302,0.4038695657651197,3.805000185966492,0.2,0.3280071830936651,4.0,,0,1988.0,23,,16.25,0.0,1.0,7119.108917726929,3.211226124735263,0.3162171095877846,0.0756721222352868,3.941593405289885,6949.847878618064,0.9762244065844538,545.7615098601275,0.0785285547816406,2.010523049850358,0.942024491132058,0.1135452877962355,0.0,429351.15841078747,1366994.4278843086,4124,1739,0.2442721441822311,6.0,0.1508244422890398,0.5310429154456014,293,176,9277778,primary_and_secondary_downstream_links,8020302,7119.1008,1.0,classified,35.2697222,-91.2363889,4.6,42.48,46.34,4.550000000000001,1236.1850772093935,14.356193898847692,08,0802,,3.4339872044851463,8.870678301722574,1.166652834532344,1.371585059141357,-0.0240627942185421,7119.1008,7119.1008,1.0,4032,279.11855095762235,0.0468621683232803,327.75699645,4.6039100394532975,191.32624028751488,0.6854658697212974,0.1154725785052796,3.8672829164946414,1.0,3024.4399032600004,42.48345385501495,370.032994448379,1.3257198175429046,-0.0464524965196963,-3.431653635773813,0.99881400428508,4124,4124,1.0,km2,channel km; reach midpoint to receiving outlet,gross_area_mismatch,mapping_discrepancy_excluded,False
07077555,46,12,True,7.0,7.447018612986025,0.3683560136834189,2.9017854928970337,0.1956521739130435,0.2307315031102219,3.0,0.0389699200803684,46,1995.5,11,687.0,15.833333,1.0,1.0,70.87740509834728,2.6841018045390137,0.4193065075574063,0.1125989763942532,3.3852717200157083,109.44307018137818,1.544117903717248,46.79939707926101,0.4276140737070072,2.0638619368471645,0.6374915301007815,0.1780934973440367,0.0,422177.89168743225,1340325.5536146471,63,20,0.2821773733427264,2.0,0.2141613464886825,0.4152470547507011,15,11,9278422,primary_and_secondary_downstream_links,8020302,70.8831,1.0,classified,35.03555556,-91.3225,14.4,0.5,81.93,1.89,1298.325845712371,16.40160537865529,08,0802,6.5337888379333435,3.8501476017100584,4.274961960795541,0.9873461485462206,1.2194341749345678,0.4344528111982873,70.88309999999998,70.8831,0.9999999999999998,56,22.33430120367197,1.0,10.21046634,14.404655467946524,17.7365418625135,0.7941391002462815,0.0,4.241550139530114,1.0,0.35520147,0.5011088256580202,29.973115463669117,1.3420216370477378,0.0,-0.1047149671800494,1.0,63,63,1.0,km2,channel km; reach midpoint to receiving outlet,gross_area_mismatch,mapping_discrepancy_excluded,False
07077800,20,9,True,5.199999809265137,5.3599999904632565,0.3336580431575848,2.4250000715255737,0.0,0.4714737297669533,2.0,,20,1979.0,7,26117.95703125,15.25,1.0,1.0,70447.38655606905,1.143922683335152,0.820030955474417,0.1965709555768311,1.2160759138263224,69688.20452281229,0.9892234180660128,972.1369069882116,0.0139498056183953,3.958073492396346,0.9628972608752416,0.0434371442571191,0.0,423583.67304035334,1294722.955981157,42276,17814,0.2528695650877246,8.0,0.1446143972617393,0.5594290754407735,461,1252,25827824,primary_and_secondary_downstream_links,8020303,70447.3749,3.0,classified,34.6856517,-91.3154036,3.19,54.36999999999999,32.58,5.62,1241.8174271980672,14.431519271120258,08,0802,10.17041665270226,3.044522437723423,11.162635615092524,0.1344633061764262,0.1956292107288468,-0.0108350698726635,70396.48800000001,70447.3749,0.9992776608060668,41486,505.8953075390332,0.0070710416690105,2249.4003317100005,3.1953303291351696,230.74923738353408,0.4561205331317097,0.0886675598703103,2.9490742833575823,1.0,38252.42982468,54.33854857174124,555.127302730915,1.097316568187546,-0.0068840658454411,0.9470215375622502,0.995894958487162,42276,42276,1.0,km2,channel km; reach midpoint to receiving outlet,area_consistent,included_landscape,True
07288650,211,12,True,5.380000114440918,5.478269570246692,0.2548356254015652,2.0999999046325684,0.0094786729857819,0.1923720228316942,12.0,0.0008941655909815,197,2017.0,30,539.6033325195312,20.400002,0.933649289099526,0.995260663507109,1439.5284569068529,1.1367218255279976,0.7472218245978969,0.2200033454976936,1.9834958441850017,1628.2489790940044,1.1310988478773525,106.78250275592582,0.0655811882132068,1.7393699498616693,0.5488134788444453,0.1760103013629765,0.0,476250.2564320307,1159494.8752078344,764,317,0.220210999288715,5.0,0.1581135661677357,0.4945971047426664,51,42,17963095,primary_and_secondary_downstream_links,8030207,1439.5455,3.0,classified,33.39666667,-90.8477778,7.54,0.0,86.11,5.710000000000001,1390.3980288775083,17.50090039880921,08,0803,6.292685798306387,5.356586274672012,7.272765309210994,0.1281485283074017,0.6848608657772127,0.1231895919686593,1439.5455,1439.5455,1.0,757,53.89631315727777,0.4591880562302476,108.50035077,7.537125486481672,50.9423512959518,0.9451917638094122,0.0016528783395715,3.271890047999231,1.0,0.13055976,0.0090695125649032,86.53068103606346,1.605502787983912,-0.4221319219358831,0.0027100169090014,1.0,764,764,1.0,km2,channel km; reach midpoint to receiving outlet,area_consistent,included_landscape,True
06054500,26,11,True,4.284999847412109,4.056730774732737,0.4899254158794422,2.774999976158142,0.0,0.6112817795707768,5.0,0.1863719194286229,26,1980.5,41,4361.365234375,13.75,1.0,1.0,37586.35970084049,1.1680195381516614,0.8142239459215282,0.1301787086050361,1.15473009990722,30530.23034840759,0.8122688813549795,60.46942393940823,0.001980640933571,1.8667733841904992,0.1906022029395742,0.0276751182201996,0.0,-1189904.127692631,2670901.9964143885,19051,6760,0.1798524798305709,7.0,0.2158596950018144,0.5561359156029746,66,1246,3030030,primary_and_secondary_downstream_links,10030101,37586.3238,3.0,classified,46.1465722,-111.4202778,1.84,34.31,6.050000000000001,1.1800000000000002,567.987663046034,3.5122836699293027,10,1003,8.380769674199708,3.295836866004329,10.534423094688302,0.1553096121356991,0.143866636932385,-0.207923858959825,37586.3238,37586.3238,1.0,18109,225.98993360066916,0.0194644574418315,691.44910002,1.839629498482637,261.70977384218486,1.1580594306675345,0.0022346210435783,3.824058886942373,1.0,12899.24788932,34.31899314750223,231.34148676018725,1.0236804935257622,-0.0114883050186204,-3.5869281088316214,1.0,19051,19051,1.0,km2,channel km; reach midpoint to receiving outlet,area_consistent,included_landscape,True
06057000,24,8,True,2.5,2.9566666732231774,0.3886440249221641,1.855000138282776,0.0,0.6390985132962913,4.0,,0,2016.0,3,,13.1,0.0,1.0,39259.001467293994,1.1294583490065118,0.8421399607918802,0.1463688047541326,1.170288403124724,32087.96022398425,0.8173402028759235,90.33037692405308,0.0028150862907307,1.7985246890225026,0.3608654613063057,0.0269737873180824,0.0,-1193272.3088411945,2691839.3948270003,20047,7124,0.1814615689075761,7.0,0.2186282905707222,0.4969197949788213,102,1329,3029660,primary_and_secondary_downstream_links,10030101,39258.9756,3.0,classified,46.33473889,-111.5313722,1.79,33.95,6.449999999999999,1.1800000000000002,562.407229572538,3.5988143199489593,10,1003,,3.218875824868201,10.577961505204216,0.1217381806430879,0.1572502168311265,-0.2016998658057414,39258.9756,39258.975600000005,0.9999999999999998,19030,243.76814345541015,0.0337052834358724,703.48269339,1.791902826394686,283.97501366815186,1.1649389852292011,-0.0159002565920122,3.7199551175605423,1.0,13330.70212617,33.95580735980793,251.38310792254825,1.0312385546330871,-0.0155549538028213,-3.3735264663325992,1.0,20047,20047,1.0,km2,channel km; reach midpoint to receiving outlet,area_consistent,included_landscape,True
06126470,22,8,True,8.25,9.459090904756026,0.3513036641298295,4.349999904632568,0.4090909090909091,0.2966877684686206,5.0,,22,1980.0,6,1.3989462852478027,12.0,1.0,1.0,153.628723571661,2.3445136406950557,0.5926952560059253,0.3956933147850981,2.837143932645362,81.62331389936199,0.5313024283592926,32.33369600336721,0.3961330955422032,1.5190562625183404,0.4285509656737265,0.1127925070972997,0.0,-964449.545539812,2663659.383571787,31,13,0.0846195925980995,3.0,0.0907655146785582,0.4152405807912504,11,0,12622488,primary_and_secondary_downstream_links,10040201,153.6282,3.0,classified,46.38720278,-108.5418028,0.49,39.32,0.21,1.48,399.8783298964749,7.594623637549338,10,1004,0.8750295931307731,3.1354942159291497,5.041026911726896,0.8520779776986551,1.042797888641074,-0.6324238749366019,153.6282,153.6282,1.0,31,15.924527006760476,1.0,0.7470485999999998,0.4862704894023362,5.988088046801773,0.3760292562698808,0.0,3.2461034462525853,1.0,60.41202813,39.32352792651349,12.252961539831436,0.7694395905529665,0.0,-13.952246123627656,1.0,31,31,1.0,km2,channel km; reach midpoint to receiving outlet,area_consistent,included_landscape,True
06177500,22,9,True,15.0,16.822727246717974,0.4897203386343896,7.5,0.8181818181818182,0.3991000089340911,8.0,,22,1981.0,7,0.5287150144577026,12.25,1.0,1.0,1431.569491475519,1.0739692551353832,0.9086795229155232,0.4781253591247543,1.22399077905585,864.2794187519045,0.6037285817407938,100.30032634389302,0.116050809689227,2.30841163381649,0.0967410599710141,0.1598022131236623,0.0,-725381.3045865574,2751294.6328492393,169,65,0.045404711672784,4.0,0.2784016656699227,0.4364464635264397,23,1,12526443,primary_and_secondary_downstream_links,10060002,1431.5679,3.0,classified,47.4139722,-105.5756444,0.1,1.14,28.040000000000003,0.88,350.25450823362587,6.589797380937487,10,1006,0.4244275226929153,3.1354942159291497,7.267224958040927,0.0713613691735591,0.2021166506106547,-0.5046305500221879,1431.5679,1431.5679,1.0,165,52.31890747696983,0.4778889635622592,1.46620296,0.1024193794789614,47.20212721015786,0.9022001698130964,0.0880833831311344,0.4525949322432415,1.0,16.24621554,1.1348546960294374,71.4233204242346,1.3651531323675732,-0.3198517583018395,0.8393476381995604,1.0,169,169,1.0,km2,channel km; reach midpoint to receiving outlet,area_consistent,included_landscape,True
06177825,25,9,True,12.0,12.796000003814695,0.2830216014630251,6.300000190734863,0.72,0.3041778714477087,7.0,-0.0470060465221444,25,1981.0,7,6.693333148956299,9.5,1.0,1.0,5163.801532057426,2.024718709536799,0.6724468594224919,0.3176132726921393,2.2460616910327404,3304.3681813824182,0.6399099889623083,234.03861829607192,0.0708270402840398,2.28310946633549,0.1879056752848776,0.1415757593996799,0.0,-694933.1103462891,2802218.4962609843,916,330,0.0639064065400897,6.0,0.1922696025933551,0.4774304624167189,60,13,12523753,primary_and_secondary_downstream_links,10060002,5163.7986,1.0,classified,47.9022361,-105.2128083,0.33,0.68,36.55,0.92,364.8594462150197,6.401711361551563,10,1006,2.0403541290059697,3.258096538021482,8.549621955269945,0.7054307820390553,0.8091783230061536,-0.4464277547658609,5163.7986,5163.7986,1.0,900,116.11346678122766,0.1475674128731511,16.781952060000002,0.3249923817710474,89.53907374466988,0.7711342725936582,0.1288718895044054,1.2611726922511035,1.0,35.64059607,0.6902011257758969,151.39233096375634,1.303830943649271,-0.1221237121499942,0.8742984278348627,1.0,916,916,1.0,km2,channel km; reach midpoint to receiving outlet,area_consistent,included_landscape,True
06183450,22,8,True,18.0,18.331818190487947,0.2990692633235442,7.0,0.9545454545454546,0.4740455521940976,9.0,,22,1984.5,5,21.27899932861328,15.5,1.0,1.0,2472.358982474561,1.595595217327147,0.6920712571283363,0.3069044383564822,2.0171129311688167,1065.4788225325806,0.4309563579097049,175.93454641961728,0.1651225183447862,3.0295815311746215,0.7153470473671176,0.0087999280857958,0.0,-633260.844010637,2880533.726591855,265,108,0.0436829767705917,4.0,0.0901022054868208,0.5043750704909004,41,0,3097061,primary_and_secondary_downstream_links,10060006,2472.3648,3.0,classified,48.6728972,-104.5120861,0.65,0.4,53.05,1.89,377.63325555488944,4.4860676791754255,10,1006,3.1036445006129796,3.1354942159291497,7.813332417712279,0.4672468436312022,0.7016672470769062,-0.841748451755406,1839.4722,2472.3648000000003,0.7440132621205413,249,98.70273833382748,0.1882557398801678,12.06494847,0.6558918623505157,113.93861976529806,1.1543612840804935,-0.036611679024929,1.6661872319370723,1.0,7.34247504,0.3991620552895554,109.80296467528132,1.112461179181384,-0.0760159998047286,0.5267173400053139,1.0,265,265,1.0,km2,channel km; reach midpoint to receiving outlet,area_consistent,landscape_or_routing_coverage_insufficient,False
06185500,91,12,True,2.809999942779541,3.683406601895342,0.6428922180233515,1.4474999904632568,0.0439560439560439,0.3181572871353805,2.0,0.1658514015467772,91,2000.0,30,8822.5810546875,14.0,1.0,1.0,226641.41134961825,1.609126002544388,0.6384443485963379,0.0480543702021314,1.9937309410241932,142577.2647814871,0.6290874378713899,1157.8087880071892,0.0081205709043558,1.931993940041944,0.425483149217196,0.0419167661799117,0.0,-634249.1265312405,2818661.49881826,65675,23495,0.1036659622797551,8.0,0.1670281079254211,0.605821595112503,582,2038,3012079,primary_and_secondary_downstream_links,10060005,226641.4137,3.0,classified,48.1235,-104.4733,1.66,13.1,22.89,1.11,426.0196104740249,5.552667362260499,10,1006,9.085183081869632,4.5217885770490405,12.33112877400665,0.4756911760344521,0.6900077281444205,-0.4634850210185115,206689.3209,226641.4137,0.9119662533238072,63385,780.1810422037854,0.0039692616746122,3440.6460607500003,1.6646462651133518,788.5086703823177,1.0106739688970257,0.0103838400039821,4.147735560369842,1.0,27237.03960339,13.177768200500196,1079.0050636940864,1.383018819127173,-0.0037270637329101,1.5175658673357957,1.0,65675,65675,1.0,km2,channel km; reach midpoint to receiving outlet,area_consistent,landscape_or_routing_coverage_insufficient,False
06187915,32,12,True,0.8849999904632568,1.0115625001490116,0.4217100628115341,0.6324999630451202,0.0,0.3680902977854432,6.0,0.0918051603994928,32,2000.0,2,9.614086151123049,2.0,1.0,1.0,94.50136412843992,1.109557741331087,0.8590908632416776,0.5340507394815894,1.5004345312213176,44.125162964982415,0.4669262012452058,19.3986783561114,0.4396284807266576,1.7767469889717589,0.7506142837118767,0.2979932779956629,0.0,-1102289.982823769,2527345.182480034,19,7,0.074073004813836,3.0,0.3318761314177868,0.4886166875427415,6,0,2962790,primary_and_secondary_downstream_links,10070001,94.4937,2.0,classified,45.00283056,-110.0018722,0.29,54.8,0.0,1.3,947.9406235081578,0.2696986563280314,10,1007,2.362182001116973,3.49650756146648,4.559140531452102,0.1039615046961744,0.4057547536377262,-0.7615840611130642,94.4937,94.4937,1.0,19,11.1562894573924,1.0,0.26775504,0.283357557170478,9.685542133324548,0.8681687733466521,0.0,1.8204556027088583,1.0,51.78426084000001,54.80181307325252,10.817641571884314,0.9696451148205292,0.0,15.8136328166419,1.0,19,19,1.0,km2,channel km; reach midpoint to receiving outlet,area_consistent,included_landscape,True
06191500,33,12,True,1.7000000476837158,1.901515158739957,0.3875515725333419,0.7100000381469727,0.0,0.4891446266079659,6.0,0.1822620607522298,33,2000.0,13,1319.0,7.666667,1.0,0.9696969696969696,6781.985543323535,1.8473537953626993,0.6210123343499939,0.1970060919170502,2.633095373785032,3389.0307739427385,0.4997107045264995,226.62781135287273,0.0668709806636597,1.5356714710602184,0.0175268137587607,0.0448666630954493,0.0,-1158849.2407712676,2550393.9025476165,1442,552,0.0813920932850426,6.0,0.208949738202528,0.5610666517264145,114,68,4369760,primary_and_secondary_downstream_links,10070002,6781.9968,3.0,classified,45.1121194,-110.7936667,3.8,35.59,0.02,0.27,783.5266327370758,1.012620904254076,10,1007,7.1853870155804165,3.5263605246161616,8.8221726296337,0.6137542342339054,0.968160102336328,-0.6937259389552808,6781.996799999999,6781.9968,1.0,1406,105.6315215035342,0.1631662816473166,257.97893445,3.803878740402827,125.60332793507314,1.1890705174673712,-0.0782252285852998,9.55585517505262,1.0,2414.00575692,35.594321674112265,102.12371487428472,0.9667920467364268,0.0092826025596301,4.780743747973759,1.0,1442,1442,1.0,km2,channel km; reach midpoint to receiving outlet,area_consistent,included_landscape,True
06208500,33,12,True,1.899999976158142,2.097777764002482,0.3766964814831793,1.1999999284744265,0.0,0.4456945752448746,7.0,-0.077225243603601,33,2000.0,2,470.4193420410156,10.0,1.0,1.0,5268.91512672597,1.5414164712050753,0.7050450560238856,0.2614403255174445,1.865243527783212,4390.954728537522,0.8333697968040717,208.5494556411756,0.0474952415896659,2.456558550299108,0.9837577559412196,0.045641566314722,0.0,-1001211.5002984104,2566002.746870226,2524,961,0.1823904877733629,6.0,0.1405186150948862,0.5122989640901343,107,23,4268026,primary_and_secondary_downstream_links,10070006,5268.9267,3.0,classified,45.46571389,-108.8441056,1.0699999999999998,19.049999999999997,3.92,0.65,530.5246505861644,4.623854458407167,10,1007,6.155748020718862,3.5263605246161616,8.569769536420138,0.4327017801779433,0.6233916224710726,-0.1822778015863415,5268.9267,5268.9267,1.0,2467,113.38592594822012,0.1284366890129635,56.779561349999994,1.0776305039506433,97.44631406488958,0.8594216014903853,0.0856659666074994,2.108614924975474,1.0,1003.33864008,19.0425621233258,153.8997830731537,1.3573093996113328,-0.1152135242009892,0.8195184772070832,1.0,2524,2524,1.0,km2,channel km; reach midpoint to receiving outlet,area_consistent,included_landscape,True
06279500,38,12,True,3.7100000381469727,3.699561395143208,0.1703314962738375,1.0899999141693115,0.0,0.3259150967777574,7.0,-0.0371046755208906,38,2000.0,17,1425.322509765625,13.783333,1.0,1.0,40797.9975664313,1.0840550854715971,0.9217236488019864,0.3604774239060987,1.1414271348941727,28904.11853139039,0.7084690488626524,518.0483587214327,0.0179229945434531,2.9012405724453947,0.955045093789083,0.0430942792814283,0.0,-960100.4402961478,2480419.499922372,13901,5177,0.1268934827394482,7.0,0.1712080871952741,0.483175958350524,274,513,12802834,primary_and_secondary_downstream_links,10080010,40798.0098,3.0,classified,44.75852989,-108.1815559,1.63,9.63,3.27,0.75,375.9322931426651,5.444195565646165,10,1008,7.262854739334048,3.6635616461296463,10.616412790640206,0.0807087185820387,0.1322793521813031,-0.3446489062500249,40798.0098,40798.0098,1.0,13401,266.9274361169464,0.0177048342196339,665.7593712299999,1.631842765109586,271.7447469105068,1.0180472673159378,0.0093242880092491,4.018340835639928,1.0,3928.52921634,9.629217786844102,333.75911728087,1.2503739673078913,-0.0135482723485698,1.1516974755563698,1.0,13901,13901,1.0,km2,channel km; reach midpoint to receiving outlet,area_consistent,included_landscape,True
06294940,20,10,True,13.0,12.90000002384186,0.3503069792998015,7.424999952316284,0.65,0.1553824427464879,2.0,,20,1980.5,6,1.4991989135742188,9.5,1.0,1.0,1174.7868904548552,2.5897019509051655,0.5691279390388707,0.355064635088604,3.2080955495388985,886.1690257379327,0.7543232163535846,142.33378881471464,0.1606169756341801,2.3311247375280586,0.2584946199821767,0.1127576778267576,0.0,-859243.0671563566,2633842.21499849,338,137,0.1166168954668503,4.0,0.0792263424343385,0.4219996487813911,56,1,13256213,primary_and_secondary_downstream_links,10100001,1174.7799,1.0,classified,46.23858056,-107.1371472,1.89,18.78,3.3899999999999997,0.42,399.34043540964166,7.612508234495853,10,1010,0.9159702459537158,3.044522437723423,7.069692896437429,0.9515427922190028,1.165677474329694,-0.2819343339224887,1174.7799,1174.7799,1.0,337,78.26234781787636,0.2780050118324292,22.16346318,1.8866055828840789,71.33912500399475,0.9115382683127194,0.0672552441056051,8.52250276728689,1.0,220.65490233000003,18.782658975523844,70.45229660359861,0.9002067861233546,0.1391918746991242,-2.440953776580727,1.0,338,338,1.0,km2,channel km; reach midpoint to receiving outlet,area_consistent,included_landscape,True
06294980,25,11,True,13.0,15.427999992370603,0.3174086275190354,5.0,0.96,0.2634910296033005,12.0,,0,1982.0,6,,10.5,0.0,1.0,255.7764332658473,1.6004997365050535,0.6635103869600737,0.4062204020081673,1.9684117304021775,145.94221291662166,0.5705850654541467,58.63235716102224,0.4017505010323472,2.1795209245545517,0.5730516401593889,0.2725363824463843,0.0,-824238.159576322,2602040.3166322354,31,14,0.0547353007516871,3.0,0.1370968579671145,0.342058380579139,8,0,13262539,primary_and_secondary_downstream_links,10100001,255.7764,3.0,classified,45.97832797,-106.6444724,1.39,10.7,2.61,2.45,424.0687657145104,7.707042848884642,10,1010,,3.258096538021482,5.548205796832988,0.4703159157948733,0.6772269893508895,-0.56109301395195,255.7764,255.7764,1.0,31,27.184209293937982,0.8544877478922995,3.54976596,1.3878395192050554,15.842646565535826,0.5827885738456516,0.0461916929573728,9.49877619588118,1.0,27.38029941,10.704779412799615,20.796733084141792,0.765029906121986,0.1319450286658586,-6.093032634890393,1.0,31,31,1.0,km2,channel km; reach midpoint to receiving outlet,area_consistent,included_landscape,True
06294995,27,10,True,12.0,12.666666666666666,0.5274855426005514,4.199999809265137,0.7407407407407407,0.3368928021752377,1.0,-0.1093347251110643,25,1981.0,8,0.5990322828292847,13.5,0.925925925925926,1.0,961.1099037472534,1.7535124734666003,0.6657084550947071,0.4163591128770845,1.7449393437646672,632.4450631331895,0.6580361524393425,102.59309071768844,0.1622166045686768,2.1448386929540364,0.7894880013573861,0.2181115390437239,0.0,-832671.0298205261,2634439.25964587,184,71,0.0738729251703467,4.0,0.0709921722666516,0.4504406655853203,32,0,13259795,primary_and_secondary_downstream_links,10100001,961.1127,3.0,classified,46.24973056,-106.8069472,1.94,15.34,1.84,0.97,411.0394221306851,7.731786398193167,10,1010,0.4693986230346838,3.332204510175204,6.869128689199751,0.5616209040410588,0.5567197950299989,-0.4184954062491927,961.1127,961.1127,1.0000000000000002,182,68.78313756305583,0.2129903184090689,18.67574889,1.9431382906499937,57.38320927138145,0.8342627467201001,0.1500645250639308,10.573066853372833,1.0,147.48495057,15.345229604186898,66.10891492819384,0.9611209559550776,0.0264986561167473,-4.715008084534038,1.0,184,184,1.0,km2,channel km; reach midpoint to receiving outlet,area_consistent,included_landscape,True
06295000,66,12,True,3.149999976158142,4.278585856611079,0.8995349829892775,1.8500001430511477,0.0303030303030303,0.218709588437127,4.0,0.0144017662317127,59,1990.5,26,7299.35498046875,12.75,0.8939393939393939,1.0,102211.52498215,1.2289846013617354,0.7926007931829924,0.2153197498526003,1.4525713100356656,75324.34243669616,0.7369456864071897,869.3140784562108,0.0115409448039562,2.284474345570905,0.0313901989835409,0.0160836001731312,0.0,-821224.6859848315,2633394.00394217,37338,13743,0.1344564617581045,8.0,0.1690336928752739,0.4536502233011543,539,1288,13260207,primary_and_secondary_downstream_links,101000011202,102211.5393,3.0,classified,46.266636,-106.691303,1.98,15.12,5.52,0.97,463.5528359329075,5.491577151131727,10,1010,8.895678253415678,4.204692619390966,11.534809502884046,0.206188301100795,0.3733353032277509,-0.3052410850210808,102211.5393,102211.5393,1.0,35773,444.3219230253329,0.0081098543831439,2030.27367987,1.9863448821673304,426.7795246262421,0.9605187196714338,0.0158441296054156,4.762523716935972,1.0,15455.60393445,15.121192812766882,490.82494818883015,1.1046606587558496,-0.0041851272752764,0.9675493423167314,1.0,37338,37338,1.0,km2,channel km; reach midpoint to receiving outlet,area_consistent,included_landscape,True
06295250,25,11,True,8.399999618530273,10.563999938964844,0.6012575911559942,5.099999904632568,0.32,0.4370836720940734,11.0,-0.1345290971564356,25,1981.0,7,23.433332443237305,13.0,1.0,1.0,2075.66400645041,1.992977862819305,0.6331841429304389,0.3614403576180094,2.4413144996544327,1472.5074522223863,0.70941513060224,218.6266612698131,0.1484723632059383,2.7201680796889782,0.3399908384482171,0.2451779806380739,0.0,-820009.3315196979,2577723.9478612794,472,177,0.0852739169007836,5.0,0.125,0.4830963781681323,65,1,13236431,primary_and_secondary_downstream_links,10100003,2075.6637,1.0,classified,45.76715,-106.5698583,2.94,22.84,2.04,0.64,446.46523177777186,7.537579809880699,10,1010,3.195948283794918,3.258096538021482,7.638518042109556,0.689629933702489,0.8925366236091133,-0.3433144081384091,2075.6637,2075.6637,1.0,471,102.84655195567083,0.1767797933740422,61.13479158,2.9453129415906827,119.91069564368205,1.165918481111221,-0.020596116890819,13.697020125940297,1.0,474.25798440000005,22.848498261062236,113.57956770603612,1.104359509835502,-0.0939784922432225,-7.304319666135921,1.0,472,472,1.0,km2,channel km; reach midpoint to receiving outlet,area_consistent,included_landscape,True
06296120,41,12,True,4.099999904632568,4.993902409948954,0.4721750472555442,2.0,0.073170731707317,0.2447632309423222,7.0,0.0405100433192167,38,1980.0,9,10368.3330078125,13.0,0.926829268292683,1.0,109227.63080569184,1.3678097362571533,0.7277361335359341,0.2100392420688064,1.4187434330734907,80025.59125493061,0.7326497028695095,949.6058551140794,0.0118662772773399,2.196539344087043,0.1176426930712723,0.0219908440941728,0.0,-761698.1258877063,2640705.499374012,39035,14324,0.1311389791606976,8.0,0.1668551910750326,0.4675885084744758,579,1298,13261545,primary_and_secondary_downstream_links,10100001,109227.6459,3.0,classified,46.3980582,-105.8955602,1.99,14.79,5.390000000000001,0.95,459.287849853868,5.631248669433312,10,1010,9.246607979754076,3.737669618283368,11.601198494793282,0.313210727844237,0.3497715735661961,-0.3110875864540311,109227.6459,109227.6459,1.0,37437,499.7567444822479,0.0075000050879975,2181.43407087,1.997144635770275,482.19618130950835,0.964861778522004,0.0056298675597588,4.969884382470445,1.0,16144.4310048,14.780535524477507,555.4111534312942,1.1113629972251895,-0.005748144209061,0.7795589657754931,1.0,39035,39035,1.0,km2,channel km; reach midpoint to receiving outlet,area_consistent,included_landscape,True
06298000,32,12,True,1.399999976158142,1.7900000046938658,0.6361620772297532,1.04749995470047,0.0,0.7787043185108747,6.0,0.3260182089198101,32,2000.0,2,66.25806427001953,4.5,1.0,1.0,533.9592958906096,1.152804240124243,0.7607653009457075,0.3072380543558375,1.0728055137853674,309.6983390319967,0.5800036471234008,50.31220699700453,0.1624555273827493,1.686779053300081,0.8442576475077618,0.0517924381367976,0.0,-889592.3070691462,2482588.0627984335,116,52,0.0973857003711628,4.0,0.1549619798187631,0.4681709663487584,21,0,5336835,primary_and_secondary_downstream_links,10090101,533.9574,3.0,classified,44.8494123,-107.3045253,1.12,61.81000000000001,0.0,0.5800000000000001,706.7142080591992,1.4742070913012382,10,1009,4.208536926088573,3.49650756146648,6.282190661554131,0.142197443805574,0.0702771925930852,-0.5447208873176479,533.9574,533.9574,1.0,116,31.94132361289496,1.0,5.9605938,1.1163051209703247,32.23462653378091,1.0091825537488854,0.0,3.7655749045901423,1.0,330.033267,61.808913407698824,31.178970097041717,0.9761326886420738,0.0,-2.656172979560992,1.0,116,116,1.0,km2,channel km; reach midpoint to receiving outlet,area_consistent,included_landscape,True
06306100,26,10,True,6.8500001430511475,9.06538462638855,0.6040358084885312,5.099999904632568,0.2692307692307692,0.4627335565055856,4.0,-0.143776300350874,26,1982.0,7,0.5751190185546875,7.75,1.0,1.0,88.55252388138913,2.7423896793822222,0.5138824195392077,0.3504206730328192,4.946593978675452,50.4516158504421,0.5697366222787625,26.922552129948805,0.5336311171827985,1.3364648861410215,0.0750767383159753,0.3970622089820279,0.0,-857481.7158467941,2500257.188392973,11,4,0.0451709316084289,2.0,0.2846254092883482,0.4623077012254187,4,0,5334255,primary_and_secondary_downstream_links,10090101,88.5519,2.0,classified,45.05145278,-106.9272,5.720000000000001,6.42,1.95,0.02,505.5961411628808,7.352026958176257,10,1009,0.4543308367588385,3.295836866004329,4.494825312156338,1.0088296860617854,1.5986992546253151,-0.5625810911166229,88.55189999999999,88.55189999999999,1.0,11,16.032161640800485,1.0,5.0640075,5.718688701202346,18.342382269031,1.1440991352252337,0.0,28.016389172285862,1.0,5.686247880000001,6.421373093067457,18.609742161905185,1.1607756071112068,0.0,-1.6618542555141635,1.0,11,11,1.0,km2,channel km; reach midpoint to receiving outlet,area_consistent,included_landscape,True
06306300,61,12,True,3.640000104904175,4.522950829052534,0.9748150182180614,0.8299999237060547,0.0491803278688524,0.3042081337402504,4.0,0.0143321819835767,61,2021.0,48,267.23333740234375,10.5,1.0,1.0,3761.714033050621,1.0784352128939747,0.8980911005152533,0.3330964598327133,1.2641998123767149,2613.930835174253,0.6948776042538366,141.97932997012578,0.0543164065627088,2.098619594324619,0.2115343645361857,0.0484646961746853,0.0,-849459.7937838443,2495458.948542491,1226,398,0.1058028325659927,5.0,0.1127064229890718,0.522034818699186,55,18,5334435,primary_and_secondary_downstream_links,10090101,3761.6994,3.0,classified,45.0091361,-106.8359444,4.04,26.1,5.52,1.74,526.4394693478513,5.546510382216921,10,1009,5.591857263653645,4.127134385045092,8.232895793299821,0.0755111135489448,0.23443936264339,-0.364019557913639,3761.699399999999,3761.6994,0.9999999999999998,1202,86.03360172032886,0.1657393198403892,151.96802418,4.039876875329273,76.34050543997881,0.8873335988901222,-0.0005040644273316,13.82936054833571,1.0,981.36261216,26.088278403106855,113.20223468617988,1.315790951704761,-0.1423035827896584,-2.779051893656465,1.0,1226,1226,1.0,km2,channel km; reach midpoint to receiving outlet,area_consistent,included_landscape,True
06307500,70,12,True,5.0,5.84714287008558,0.7893322524773747,2.200000286102295,0.0428571428571428,0.1956306246157488,5.0,0.0514357185445332,70,1987.0,18,351.98388671875,13.5,1.0,1.0,4618.44704916125,1.303136681999526,0.8235302922501071,0.3366712823103487,1.358070205674496,3192.3573043483216,0.6912187734030817,163.6411170478292,0.0512602761680006,2.0228329390570594,0.3515311222889556,0.0803691765840266,0.0,-843813.969331548,2509824.304662995,1461,465,0.1006831939503232,5.0,0.1129385335094805,0.47669476821817,69,18,5334799,primary_and_secondary_downstream_links,100901010802,4618.4553,3.0,classified,45.141275,-106.771356,3.46,21.69,4.609999999999999,1.5,502.4242698113902,5.925235803879744,10,1009,5.866422409202362,4.2626798770413155,8.43803029058407,0.2647741905688002,0.3060647256459429,-0.3692989012663972,4618.4553,4618.4553,1.0,1432,94.61132951562831,0.1741840827170071,159.6167721,3.4560640242636973,95.01483856864482,1.0042649126175722,-0.0932734597286601,12.131018462185043,1.0,1001.91065202,21.69363102897196,132.66329000061808,1.4021924295937958,-0.1510501168456298,-2.0541495148418747,1.0,1461,1461,1.0,km2,channel km; reach midpoint to receiving outlet,area_consistent,included_landscape,True
06307570,22,10,True,9.800000190734863,11.518181855028326,0.4937027457642191,5.424999952316284,0.5,0.1379750310172827,5.0,,0,1981.0,9,,12.75,0.0,1.0,829.8483653539221,1.3759716271928786,0.8213987153336462,0.4838542426721586,1.3713012827525055,591.8397055499838,0.7131901805910892,65.27552259827333,0.1102925707520995,1.899205450746278,0.2441275096737891,0.1258966928858154,0.0,-822066.5482369604,2507102.5942942537,207,75,0.0903779571440298,5.0,0.2182117332510669,0.4416942585721375,17,0,5334067,primary_and_secondary_downstream_links,10090101,829.8252,3.0,classified,45.1338754,-106.483931,0.31,1.85,0.33,0.24,409.1192535579645,7.90280033100797,10,1009,,3.1354942159291497,6.7224473057070275,0.3191601195259442,0.3157601304512988,-0.33800716118792,829.8252,829.8252,1.0,203,38.25363697143688,0.729446394252669,2.5499836800000004,0.3072916657628619,38.04387830849176,0.994516634768565,0.1279201634815356,1.6564418795763218,1.0,15.392328120000002,1.8548880077394616,26.33779041227552,0.6885042180941214,0.2698846776995575,-0.5749478637181791,1.0,207,207,1.0,km2,channel km; reach midpoint to receiving outlet,area_consistent,included_landscape,True
06307600,32,12,True,8.25,9.040625005960464,0.3730368238511536,4.599999904632568,0.3125,0.2511317555993955,7.0,0.2391418973116388,28,1982.5,9,0.8007903099060059,10.75,0.875,1.0,1211.641130310394,1.7205284733775428,0.7084989975015678,0.370744640944642,1.9836654746707931,915.2306921728228,0.7553644963656543,101.3853492280565,0.1107757312938888,1.9005814410484128,0.365262552541597,0.1054513256661958,0.0,-821963.3083145673,2526143.648599663,370,143,0.1180217445766031,5.0,0.1667134043746494,0.4143981046113804,33,1,5334729,primary_and_secondary_downstream_links,10090101,1211.6097,3.0,classified,45.29906389,-106.5081667,0.63,8.5,0.37,0.28,410.47210301552326,7.90751254430843,10,1009,0.5882256296019084,3.49650756146648,7.100556012170418,0.5426314955968311,0.6849463830890945,-0.2805548695890114,1211.6097,1211.6097,1.0,364,59.0663894177308,0.3970939651605628,7.71119964,0.6364425474639234,37.82140054247901,0.6403201704948911,0.2852566502619683,3.094704706888932,1.0,102.97913814,8.499365607587988,28.100534920950786,0.4757449236014322,0.5065256737365237,-0.5065063357019559,1.0,370,370,1.0,km2,channel km; reach midpoint to receiving outlet,area_consistent,included_landscape,True
06307616,30,11,True,6.400000095367432,7.466666682561239,0.4984390461756651,3.349999785423279,0.2,0.465372090823094,6.0,-0.1144031549893386,30,1982.5,7,330.66668701171875,13.25,1.0,1.0,6819.113986758089,1.6735144651692129,0.7339160029007712,0.2917590916274278,1.842282189403275,4860.73582611862,0.7128104671013848,238.82772325005217,0.0491340677201048,2.0040046453640192,0.415803953772101,0.1108874617273742,0.0,-817013.8938735055,2537301.8743907567,2147,730,0.1070520307209372,6.0,0.1403690768561248,0.4501267076275501,113,31,12756851,primary_and_secondary_downstream_links,10090102,6819.0975,3.0,classified,45.41160556,-106.4573528,2.71,18.74,3.33,1.08,473.2347710840598,6.5398792053744526,10,1009,5.804130509832347,3.4339872044851463,8.82763146429873,0.5149258852943994,0.6110051233869461,-0.3385397184476845,6819.0975,6819.0975,1.0,2106,136.93555062252744,0.0901622392112739,184.7553003,2.709380534594204,152.56623633263214,1.1141462946550074,0.001325133722297,9.512263151517413,1.0,1278.0172249199998,18.741735617066624,173.95519469110295,1.2703435587053853,0.0140874373283673,-2.1894725500006977,1.0,2147,2147,1.0,km2,channel km; reach midpoint to receiving outlet,area_consistent,included_landscape,True
06307665,24,10,True,14.0,15.450000007947288,0.357943041709749,5.75,0.875,0.159371636976563,3.0,,0,1981.5,6,,7.75,0.0,1.0,105.82734090864956,1.6235095707111025,0.7647498275177338,0.5552158809738121,1.654419407143963,86.7231160406296,0.8194774176126114,22.46813389496632,0.2590789505815271,1.5332958429244985,0.3474547400407159,0.3604662670697238,0.0,-794308.4954459977,2504102.5065409793,41,13,0.1228416011248136,3.0,0.306482096337539,0.4638190399432403,9,2,12757557,primary_and_secondary_downstream_links,10090102,105.8283,2.0,classified,45.1374906,-106.1233535,0.39,3.52,1.15,1.12,434.7571904358125,8.054872994436886,10,1009,,3.218875824868201,4.671213894780744,0.4845902076533983,0.5034501358869385,-0.1990884374773714,105.8283,105.8283,1.0,37,12.567003661119,1.0,0.40356378,0.3813382431731399,6.503382246308129,0.5174966461121449,0.0,1.9067252570849915,1.0,3.72445686,3.519339212668067,11.328897437813254,0.901479600333346,0.0,-1.397226151232858,1.0,41,41,1.0,km2,channel km; reach midpoint to receiving outlet,area_consistent,included_landscape,True
06307740,25,12,True,9.800000190734863,9.551999969482422,0.3421957263094232,3.0,0.48,0.3652952346935832,7.0,-0.0214243882297688,25,1982.0,7,2.6570968627929688,10.0,1.0,1.0,1842.783717947783,1.873007512501088,0.6754842410482016,0.3443046281669192,2.254608276983523,1552.6230868395585,0.8425422211612752,171.66575964844313,0.1105649923046535,2.5986594076315477,0.6684363736403656,0.128485155986128,0.0,-800245.4470932051,2555699.8936759243,661,260,0.1410908927986129,5.0,0.1294066723819429,0.5328523241240523,51,3,12754833,primary_and_secondary_downstream_links,10090102,1842.7599,1.0,classified,45.58838889,-106.2550556,1.65,15.6,1.24,0.62,412.8542113073001,7.78717883104289,10,1009,1.29666962577107,3.258096538021482,7.519575107621405,0.6275454343994966,0.8129762447754286,-0.1713315038732796,1842.7599,1842.7599,1.0,648,98.89874202898056,0.1747243360353131,30.493021140000003,1.654747378646562,72.1595310617505,0.7296304238187924,0.1818385666722012,7.14098714845181,1.0,287.64026865,15.609210329028755,88.13918248273444,0.8912063053027185,-0.0482632263627262,-3.369680323387783,1.0,661,661,1.0,km2,channel km; reach midpoint to receiving outlet,area_consistent,included_landscape,True
06313500,44,12,True,6.8500001430511475,9.55681821974841,0.8244991027976929,4.799999952316284,0.3409090909090909,0.0669499576434204,2.0,-0.1699529319368404,44,1979.0,6,145.45834350585938,9.5,1.0,1.0,7984.948127387389,1.375569280324265,0.6493390140105836,0.2468530157435109,1.1634361238733746,5787.392132663621,0.7247876930863932,243.1246918271266,0.0420093690308193,1.8794682046798004,0.0540452477675107,0.0784838803971447,0.0,-825278.7932154945,2345404.4872554443,2250,816,0.102192273134652,6.0,0.1597629112627126,0.4764900825825002,84,17,9594022,primary_and_secondary_downstream_links,10090202,7984.9152,3.0,classified,43.6970861,-106.3061944,0.83,6.1499999999999995,0.38,0.53,356.60434266559867,6.6387669556432645,10,1009,4.98674104335361,3.80666248977032,8.985438792158469,0.318867667489064,0.1513778022732402,-0.321876504134841,7984.9152,7984.915200000001,0.9999999999999998,2203,119.17547912389227,0.0753282639745504,66.29021334000001,0.8301930788194221,74.10157707096752,0.6217854345182293,0.2249953279543211,2.6608877604460854,1.0,491.74422084,6.158415067952132,120.19984240395216,1.0085954198597766,-0.0738019075311175,-0.7680053465117327,1.0,2250,2250,1.0,km2,channel km; reach midpoint to receiving outlet,area_consistent,included_landscape,True
06316400,38,12,True,10.0,10.32500003513537,0.3963535898686322,5.487499952316284,0.5263157894736842,0.4400366451701987,8.0,0.0881326687396353,38,1979.0,4,31.54085922241211,7.75,1.0,1.0,2433.8381182586068,1.7022899920558467,0.6381843332968542,0.2511367186166136,2.07491922136976,1647.5030367509503,0.676915619157829,234.8330497260667,0.1425387659310068,3.0215876629952287,0.834302882782213,0.2585133913732583,0.0,-805010.5151980468,2432525.2431433364,642,205,0.084229102363914,5.0,0.1104162904099692,0.4473969828831359,68,2,5372107,primary_and_secondary_downstream_links,10090205,2433.816,3.0,classified,44.49104298,-106.1778757,1.02,15.53,1.75,0.66,399.8562665872509,6.560057921526191,10,1009,3.482496506556361,3.6635616461296463,7.797635552098752,0.531974398749172,0.7299222234645338,-0.3902086531912723,2433.816,2433.816,1.0,634,138.0850307676094,0.112774753720084,24.82821576,1.0201352838505455,161.41729868036606,1.1689702915881142,-0.0558669048574076,4.053567969835402,1.0,377.81089137,15.523395826553855,206.46731318548217,1.495218649246325,-0.112774753720084,-2.9582690237361913,1.0,642,642,1.0,km2,channel km; reach midpoint to receiving outlet,area_consistent,included_landscape,True
06324500,89,12,True,4.579999923706055,5.277303367518307,0.5105425804897892,2.169999837875366,0.0561797752808988,0.4282919724385702,7.0,-0.011506201619922,89,2021.0,47,242.2903289794922,9.25,1.0,1.0,20795.4119588851,2.1548468687377436,0.593633462697509,0.2286595989944581,2.254174748269121,14192.935731600495,0.682503225214367,556.3458285558613,0.0391987844570563,2.0204572029294043,0.3534420097302981,0.0541943495654189,0.0,-773618.957561704,2493575.8371890243,6469,2098,0.1008876382996396,6.0,0.1358193352565323,0.4524276885116325,246,105,5387929,primary_and_secondary_downstream_links,10090207,20795.3973,1.0,classified,45.0571972,-105.8783778,0.98,7.43,1.59,0.5900000000000001,378.19013165372434,6.9014031758359655,10,1009,5.494255499634436,4.499809670330265,9.942535748832556,0.7677196624405557,0.8127839406821467,-0.3819880263453716,20795.3973,20795.397300000004,0.9999999999999998,6278,287.33364904139376,0.036278720195454,204.43603788,0.9830831069527102,254.68726154653717,0.8863816068748931,-0.0104128440278484,3.5544850645354327,1.0,1545.33931596,7.431160336426946,306.5734329442848,1.0669597311943069,0.0024546341182657,-1.071158819144039,1.0,6469,6469,1.0,km2,channel km; reach midpoint to receiving outlet,area_consistent,included_landscape,True
06324890,31,11,True,11.0,10.983870967741936,0.3646333094166887,4.549999952316284,0.5806451612903226,0.4104741805058553,6.0,0.0819048396119983,31,1979.0,6,0.8629032373428345,5.0,1.0,1.0,536.4950588013066,1.1528404356022908,0.8627093769668337,0.3353422955176677,1.4227027209505698,343.6882739654401,0.6406177807738702,64.55636492217853,0.1878340630517701,2.2390961824690137,0.2564553693907073,0.291478279228257,0.0,-748726.0754364548,2428201.4031626233,209,39,0.072694052555,4.0,0.1895390989124805,0.4640253783182704,18,0,9574219,primary_and_secondary_downstream_links,10090208,536.4891,3.0,classified,44.5047222,-105.4544444,0.91,0.37,3.61,2.77,393.8631882383696,7.62357865529879,10,1009,0.622136151109447,3.4657359027997265,6.286919567031761,0.1422288410789108,0.3525583871990356,-0.44532228575477,536.4891,536.4891,1.0,197,31.85539475573688,0.8200550579685589,4.87210419,0.9081459791074972,23.64510549664169,0.7422637728381442,0.1606702618649645,3.328140643593299,1.0,1.99900458,0.3726086103147296,9.76387248379891,0.3065060897429476,0.179944942031441,-0.3478086301863095,1.0,209,209,1.0,km2,channel km; reach midpoint to receiving outlet,official_area_missing,included_landscape,True
06324925,34,12,True,11.75,12.317647043396445,0.4205965830830401,6.1499998569488525,0.6470588235294118,0.3487233933322941,5.0,-0.0994883464803601,34,1979.0,4,1.3741183280944824,10.125,1.0,1.0,1410.9512326396866,1.534842143860461,0.7408755146515034,0.3089279873919248,1.7426924405767878,1035.9216770613702,0.7342009086475015,111.28183366664236,0.1074230186806389,2.305315828293165,0.727265040797381,0.169784877257021,0.0,-736227.2772802887,2443114.5913229072,561,141,0.0999325821745159,5.0,0.1434811935887964,0.4814215194686715,34,0,9573693,primary_and_secondary_downstream_links,10090208,1410.9426,3.0,classified,44.6475,-105.3102778,0.97,1.16,2.71,1.1800000000000002,401.2616451229587,7.553945688870428,10,1009,0.8646261382875802,3.5553480614894135,7.252727879666154,0.4284275378750623,0.5554312969099672,-0.3089725703180148,1410.9426,1410.9426,1.0,535,56.859668335232065,0.3651303745453572,13.67601039,0.9692818396722872,48.82499679379851,0.8586929580020956,0.0862562867658879,4.083099534457706,1.0,16.4123433,1.163218354878505,40.99691212236037,0.7210191920334748,0.2841577810344741,-0.1676841938029967,1.0,561,561,1.0,km2,channel km; reach midpoint to receiving outlet,official_area_missing,included_landscape,True
06324970,74,12,True,9.300000190734863,10.782567581614932,0.4810727756487789,4.924999952316284,0.4189189189189189,0.3636680228931506,4.0,0.0643045170055592,74,2000.0,38,5.375166893005371,8.25,1.0,1.0,3207.2541587014507,1.3460857399742845,0.8084343654888977,0.3369161110478371,1.3782990499062608,2316.5869317947627,0.7222960255612233,181.5797391663204,0.0783824412864327,2.392972354918019,0.1977720882368549,0.1627383488319714,0.0,-736311.4953153378,2474946.8067982816,1507,349,0.1088158227352031,5.0,0.1262664165103189,0.4878635498639793,56,1,9572887,primary_and_secondary_downstream_links,100902080504,3207.2544,3.0,classified,44.926944,-105.352778,0.94,2.04,3.55,0.6799999999999999,397.9731932269341,7.687799260866805,10,1009,1.8524102699967784,4.31748811353631,8.073482192376034,0.2972009290260943,0.3208501663951286,-0.3253202164169756,3207.2544,3207.2544,1.0,1411,95.46398066205784,0.1884745718955128,30.235376970000004,0.942718387727522,86.87659000226232,0.9100457512850332,0.0511328593989016,3.9899617914868215,1.0,65.49981371999999,2.0422394219803706,66.63025010111701,0.697962201440016,0.1886665568655477,-0.7653433614517147,1.0,1507,1507,1.0,km2,channel km; reach midpoint to receiving outlet,area_consistent,included_landscape,True
06326500,50,12,True,5.900000095367432,6.814400024414063,0.5607578255328632,2.4899998903274536,0.12,0.352302138432535,7.0,-0.0761797709992744,50,1999.0,24,290.88153076171875,9.5,1.0,1.0,33820.2273171811,2.8759466863663268,0.4751851238038859,0.1555889663898977,3.8875558021074257,25367.390928987996,0.7500656542335256,847.8655123917403,0.033423441723479,1.965773578710051,0.7790892626192428,0.0924649352508443,0.0,-716350.6566068993,2641158.6183667835,11818,4026,0.1190411868685087,6.0,0.1227660823178299,0.4276379869206985,429,162,9826284,primary_and_secondary_downstream_links,10090209,33820.1973,1.0,classified,46.4294361,-105.3103306,1.08,6.0200000000000005,3.14,0.52,382.76893117700945,7.196666636838139,10,1009,5.67634800337359,3.9318256327243257,10.428843911480136,1.056381902262198,1.3577806316421837,-0.2875945373050595,33820.1973,33820.1973,1.0,11408,446.4565204931895,0.0194722991754989,365.1605721,1.0797115370465329,397.3110237735703,0.8899209789447597,0.0236918604416121,3.299781073590542,1.0,2036.43108036,6.02134594986529,510.9915898934235,1.144549505803933,-0.007732681105157,-1.084850276454448,1.0,11818,11818,1.0,km2,channel km; reach midpoint to receiving outlet,area_consistent,included_landscape,True
06326530,37,12,True,4.199999809265137,4.535135120958896,0.4123026960149304,2.0,0.027027027027027,0.1380254319021042,3.0,,0,1979.0,8,,13.5,0.0,1.0,161975.19061348177,1.0983372589091611,0.906228939505368,0.2449481957289742,1.2537641421048695,120851.25109953266,0.7461096396417748,1031.5498688928574,0.0085356987164599,2.071118742586266,0.2246385204407417,0.0486012150055708,0.0,-709519.6847441744,2680779.0014642794,57513,20875,0.1288777615938332,8.0,0.1538881801215086,0.4654891077187827,639,1560,21878707,primary_and_secondary_downstream_links,10100004,161975.1519,3.0,classified,46.8047293,-105.2938745,1.7799999999999998,12.63,4.82,0.85,437.9559548051093,6.139959039518977,10,1010,,3.6375861597263857,11.995204631891433,0.0937974534006059,0.2261503400747538,-0.2928827195482241,161975.1519,161975.1519,1.0,55362,534.0294001929773,0.0044814984982891,2880.94930002,1.778636578651667,528.5001267379325,0.989646125376156,-0.003131693543383,4.703487161610447,1.0,20449.79965368,12.625269625494946,605.0852185522516,1.133056004657417,-0.0042685347766999,-0.0543995696073409,1.0,57513,57513,1.0,km2,channel km; reach midpoint to receiving outlet,area_consistent,included_landscape,True
06329500,210,12,True,3.0,3.410611107235863,0.4071084059045137,0.9220831990242004,0.0047619047619047,0.2132573296008441,4.0,0.0123538780471134,210,2015.0,51,8633.892578125,10.025,1.0,1.0,177170.6808703925,1.3306801014908107,0.7745384946205586,0.2022876911813279,1.5137372318736368,131461.19763158797,0.7420031180427485,1210.8606650762704,0.0092107837665501,1.927566198036991,0.2845642285309516,0.0528999928382933,0.0,-613519.6886397445,2769864.003016422,61487,22284,0.1257770184689962,8.0,0.1531129500454918,0.4689650094480754,765,1635,21871785,primary_and_secondary_downstream_links,10100004,177170.6169,3.0,classified,47.67741389,-104.1554111,1.7000000000000002,11.71,5.84,0.86,433.0845589296226,6.179959804629803,10,1010,9.063566550216771,5.351858133476067,12.08487448988025,0.2856901660408699,0.4145815810840343,-0.298401833609639,177170.61690000002,177170.6169,1.0000000000000002,59232,656.3602589402461,0.005452831947553,3017.14445394,1.702959839916886,669.1720980356422,1.019519522885316,0.0087869801184205,4.545777176103148,1.0,20738.70810666,11.705500872283748,763.7852016174569,1.1636676523509486,-0.0051262420044781,0.0325504792468809,1.0,61487,61487,1.0,km2,channel km; reach midpoint to receiving outlet,area_consistent,included_landscape,True
06330000,80,12,True,4.8500001430511475,7.558125004172325,0.8438758356189943,4.174999713897705,0.175,0.2256662112400659,3.0,,0,1978.0,7,,10.0,0.0,0.9875,408237.4201588066,1.044694040600186,0.9166101500545388,0.0699343000826059,1.0861081123587906,277222.1136404944,0.6790708052501739,1265.2767340900873,0.0045641262793736,1.92774128015996,0.2335739748335485,0.0447737647118701,0.0,-573520.2540245348,2813902.998411121,128629,46362,0.1135662673499282,9.0,0.1605813283583168,0.6064907136432357,616,3696,940110233,primary_and_secondary_downstream_links,101101010303,408237.3558,3.0,classified,48.108056,-103.714167,1.71,12.33,15.23,1.02,428.7983804348478,5.838866963184179,10,1011,,4.394449154672439,12.91960664584698,0.0437240584324828,0.0826007675318195,-0.3870298781411284,388285.263,408237.3558,0.9511262442877112,123998,814.2393161411654,0.0014922139859838,6606.7780235400005,1.701526854893795,814.7037631431482,1.0005704060130427,0.0086164372358435,4.332962517708998,1.0,48010.542369480005,12.36476038223475,1041.5925572734664,1.279221644822767,-0.0012645513450187,0.7766135282182933,1.0,128629,128629,1.0,km2,channel km; reach midpoint to receiving outlet,area_consistent,included_landscape,True
06331570,27,11,True,13.0,18.698148126955385,0.908814567368144,8.425000190734863,0.8888888888888888,0.5743026105755246,10.0,-0.0222918239209472,27,1978.0,4,0.3373333215713501,4.0,1.0,1.0,378.9714800337846,1.2403607352344828,0.7988276474373311,0.400693952035641,1.561012588469294,339.12050950158215,0.8948444074771806,63.58265546256072,0.1874928047142016,3.656601269764684,0.9560573028250784,0.0630693211308465,0.0,-568366.2663122654,2816282.1393553102,129,61,0.1609619805547424,4.0,0.1676056338028169,0.4472740628570224,19,0,21530384,primary_and_secondary_downstream_links,10110101,378.9684,3.0,classified,48.15446848,-103.5746396,0.7899999999999999,0.35,54.38,5.26,409.30250916496806,4.80552482394178,10,1011,0.2906775726364772,3.332204510175204,5.940096197361176,0.2154022528209128,0.445334705862914,-0.1111054222145292,378.9684000000001,378.9684000000001,1.0,129,37.00848940808785,0.7377433052465586,2.97942723,0.7861941074770349,36.57456780636324,0.988275079348962,0.0690289984354481,1.2549845798463188,1.0,1.34228799,0.3541952284148229,23.17441283214491,0.6261918063340453,0.2442140912432959,0.7508008751942821,1.0,129,129,1.0,km2,channel km; reach midpoint to receiving outlet,area_consistent,included_landscape,True
06331850,41,12,True,11.0,12.873170724729212,0.4996622009555433,7.100000381469727,0.6585365853658537,0.1608881136503347,9.0,-0.0300597114693656,41,1979.0,5,1.1067742109298706,7.5,1.0,1.0,301.6962130267819,1.5234938726242315,0.731336727604329,0.2920911675911647,1.6671484576436035,176.2985466610961,0.5843578376154357,55.35860038753049,0.3140048595746393,2.532630149870379,1.0,0.0706750490056662,0.0,-524815.9148766691,2817307.20388956,72,28,0.0928085895380941,3.0,0.0601185253423174,0.471428751219609,24,1,21531224,primary_and_secondary_downstream_links,10110101,301.6872,3.0,classified,48.1978333,-103.0250556,1.36,0.24,65.78999999999999,4.9,418.58746872981186,4.2415223454274065,10,1011,0.7451579676797025,3.737669618283368,5.712729705301188,0.4210062975282408,0.5111146565781449,-0.5372417481568771,301.6872,301.6872,1.0,72,33.12424793262691,0.9431994463139306,4.12323372,1.36672477983819,29.66298157778454,0.8955065678205762,0.0403930190678282,1.3464965242379157,1.0,0.7406133300000001,0.2454904715877902,20.307219079826716,0.6130620420765658,0.0490009776238885,1.013517699141094,1.0,72,72,1.0,km2,channel km; reach midpoint to receiving outlet,area_consistent,included_landscape,True
06332515,25,7,True,13.0,14.816800117492676,0.5582691838338966,3.299999237060547,0.8,0.627574851625439,6.0,-0.0016462236456707,25,2018.0,41,0.371935486793518,14.1,1.0,1.0,191.7802599741161,1.763337973011582,0.6208629796489825,0.3082568169509962,1.7617812490049651,168.11918182901755,0.8766240167351322,35.23986464536102,0.2096123967650583,2.6523338810901937,0.3158608415459336,0.1073241915998639,0.0,-510421.7086947337,2773062.517728447,70,34,0.1772862337583068,3.0,0.2074614810652733,0.4471885110875918,15,0,21539242,primary_and_secondary_downstream_links,101101011904,191.781,3.0,classified,47.787222,-102.768056,0.3,7.8,20.33,3.41,452.155939404211,5.446929558062157,10,1011,0.3162225069106348,3.258096538021482,5.26155099090827,0.5672085883961312,0.5663253705474465,-0.131677093773908,191.781,191.781,1.0,69,19.07759903796518,1.0,0.56768967,0.2960093387770425,25.375738411912614,1.3301327049286389,0.0,0.2773091829789791,1.0,14.96669184,7.804053498521751,18.029202359476123,0.945045669719617,0.0,4.485459419116169,1.0,70,70,1.0,km2,channel km; reach midpoint to receiving outlet,area_consistent,included_landscape,True
06332520,21,5,False,17.600000381469727,18.199999945504324,0.2285092813337757,3.4999990463256836,1.0,,,,0,2018.0,5,,14.0,0.0,1.0,444.9568409561693,1.408292417987694,0.6620013380682802,0.2117901099819006,2.030050638886692,178.36625968502193,0.4008619337141329,38.92154887681057,0.2182113867585852,1.93339143553174,0.8272004997572984,0.2200236733718091,0.0,-461539.5614943912,2798275.113456355,73,30,0.0674222693947864,3.0,0.0399683721055996,0.4340261557298688,23,0,21534392,primary_and_secondary_downstream_links,10110101,444.9708,3.0,classified,48.0530078,-102.1366644,3.0399999999999996,0.04,60.07,3.17,451.9819053286881,4.209000821176966,10,1011,,3.091042453358316,6.100222178181056,0.3423779194025704,0.7080607380069484,-0.9141382159144138,444.9708,444.9708,1.0,73,24.258129796606877,1.0,13.52507202,3.0395414755305294,23.812405778506903,0.9816257880620988,0.0,8.634495394652912,1.0,0.16771356,0.0376909136509631,22.032701555795487,0.9082605188664348,0.0,0.0240114802907773,1.0,73,73,1.0,km2,channel km; reach midpoint to receiving outlet,gross_area_mismatch,mapping_discrepancy_excluded,False
06332523,21,5,False,16.799999237060547,17.223809605553036,0.1915902630771022,3.59999942779541,1.0,,,,19,2018.0,5,2.675333261489868,14.1,0.9047619047619048,1.0,429.520768427799,2.1330625676657804,0.6074948817599641,0.2207896517087235,2.049795027898829,171.63739997686952,0.3996020974844227,44.62543728411275,0.2599983295606123,1.5454139243769154,0.1851179481233467,0.1013040283991836,0.0,-470193.9966464924,2786703.771897907,55,23,0.0535480509689631,3.0,0.1072377457615223,0.3845401165722147,15,0,21538554,primary_and_secondary_downstream_links,101101012605,429.5142,1.0,classified,47.948611,-102.214444,3.25,0.04,72.88000000000001,4.2,445.7070660464391,4.516938293035601,10,1011,1.3016438119519127,3.091042453358316,6.064995565277434,0.7575587722356477,0.7177398017605293,-0.9172859832614976,429.5142,429.5142,1.0,55,29.17403131246883,1.0,13.961635739999998,3.2505644144012,31.944591447958455,1.0949666539332703,0.0,8.782496915808938,1.0,0.19279683,0.0448871841722578,30.88393293279251,1.0586103991597786,0.0,-0.0088494355743164,1.0,55,55,1.0,km2,channel km; reach midpoint to receiving outlet,area_consistent,included_landscape,False
06332770,21,5,False,15.899999618530272,16.43238094874791,0.2067142936878594,3.200000762939453,0.9523809523809524,,,,19,2018.0,5,1.7009999752044678,15.6,0.9047619047619048,1.0,571.0658067236324,1.0065070711672812,0.9416428421680356,0.3350058645358454,1.2408770247730387,291.3695465041338,0.5102206139355534,43.91007150987049,0.1507023367290978,1.966709984179598,0.3267785773486428,0.0501727978144288,0.0,-461398.3049233616,2764034.279036361,101,40,0.0700444669056468,4.0,0.0965845973220219,0.3669866010181477,13,0,21539336,primary_and_secondary_downstream_links,101101012808,571.0734,3.0,classified,47.737778,-102.107222,2.74,0.08,83.98,3.3499999999999996,450.52587458240214,4.702591319945518,10,1011,0.993622065630348,3.091042453358316,6.349254031482069,0.0064859915745517,0.215818407656478,-0.6729120704537173,571.0734,571.0734000000001,0.9999999999999998,100,26.819050327330952,0.9907458480818756,15.69131541,2.7476880222402236,26.836668025136913,1.0006569098305471,-0.0023966648058509,8.052567423078512,1.0,0.4711896,0.0825094637571983,28.28636181944593,1.054711538037559,-0.0235805286435857,0.0183968539529169,1.0,101,101,1.0,km2,channel km; reach midpoint to receiving outlet,area_consistent,included_landscape,False
06335750,45,12,True,18.0,18.60444443623225,0.3421660853166367,7.0,0.9555555555555556,0.2639050240272993,6.0,-0.0068418632946683,45,1979.0,6,1.0377418994903564,7.5,1.0,1.0,723.0101543390331,1.1994170541268128,0.8026303602663324,0.3301090667373533,1.5648871829337874,663.8234525827316,0.9181384916918502,102.66001887040608,0.1546495811062229,2.731315439613252,0.4271560528726885,0.1531865479941404,0.0,-580544.2844712462,2643939.9180050273,206,93,0.1286288988361711,4.0,0.1770750988142293,0.4948156594072316,40,0,14569114,primary_and_secondary_downstream_links,101102030409,723.0141,3.0,classified,46.576389,-103.558056,0.44,0.6300000000000001,30.99,2.29,402.7617440592113,6.254090855751522,10,1011,0.7118422827620314,3.828641396489095,6.584805417617519,0.1818356505329698,0.4478137338114374,-0.0854070373308125,723.0141000000001,723.0141000000001,1.0,206,67.33123421763142,0.2941062975120401,3.21895449,0.4452132385799945,83.94593577454398,1.2467606861803495,-0.2326508899831191,0.2332275124815767,1.0,4.588083719999999,0.634577350566192,17.15968351952937,0.2548547300360628,0.5917012439423257,0.6335842072894342,1.0,206,206,1.0,km2,channel km; reach midpoint to receiving outlet,area_consistent,included_landscape,True
06336500,26,11,True,10.0,12.31538462638855,0.4792380136213342,8.075000286102295,0.5384615384615384,0.6530060913822617,2.0,,23,1981.0,6,2.8322579860687256,10.5,0.8846153846153846,1.0,975.8380463791882,2.09679539543619,0.6257366109365179,0.3433807535460731,2.552367631710464,678.4601005548183,0.6952589141940304,148.4776683513151,0.2188450997043095,2.7632421924643227,0.2471234415133129,0.1631795123702212,0.0,-625054.6400240863,2694508.527334175,245,93,0.0953026994029113,4.0,0.1274731414929013,0.4333343602632206,40,0,13467386,primary_and_secondary_downstream_links,10110204,975.8367,1.0,classified,46.9899222,-104.1837667,0.53,0.64,48.95,2.3600000000000003,410.200551920213,6.2885342786768765,10,1011,1.343454181973116,3.295836866004329,6.884320872057606,0.740410177028936,0.937021411420307,-0.3634709643838716,975.8367,975.8367,1.0000000000000002,237,74.60048376869818,0.3180409181167299,5.14268622,0.527002747488386,93.60134963481012,1.2547016440942245,-0.1009246597578834,2.0226416464160057,1.0,6.18359787,0.6336713786230831,70.53635817157448,0.9455214578805587,-0.1561143777674947,0.0988951918971101,1.0,245,245,1.0,km2,channel km; reach midpoint to receiving outlet,area_consistent,included_landscape,True
06336600,39,12,True,12.0,13.108974346747765,0.4710917281199772,7.349999904632568,0.6410256410256411,0.2634841284766565,10.0,0.0028255737779663,39,1979.0,4,2.8493547439575195,7.5,1.0,1.0,1564.903514449897,2.4410758287326626,0.5539983721233577,0.2876307013919388,2.967346804312369,1012.8854366823424,0.6472510460419005,220.09963679625247,0.2172996360942637,2.9420037246564545,0.2882580811001953,0.1679925449207482,0.0,-606815.5977966819,2712110.9297936014,340,128,0.0817941801638775,5.0,0.1209656950428744,0.5050398203178611,53,0,13466672,primary_and_secondary_downstream_links,101102040502,1564.9119,1.0,classified,47.163056,-103.992222,0.41,0.6000000000000001,46.94,2.59,409.5198329544687,6.24101501820031,10,1011,1.347905535281343,3.688879454113936,7.356218261913076,0.8924388555463788,1.087668221674528,-0.4350210442190798,1564.9119,1564.9119,1.0,332,112.86502156814709,0.1189159594223802,6.419154059999999,0.4101926798562909,144.95269397227167,1.2843013004232695,-0.065650305287262,1.5229434565592253,1.0,9.30615993,0.5946762836936699,105.91471788794308,0.9384193297122844,0.1326829081676806,0.3484056235023525,1.0,340,340,1.0,km2,channel km; reach midpoint to receiving outlet,area_consistent,included_landscape,True
06337000,29,11,True,10.0,11.850344838767215,0.4361233560654519,6.800000190734863,0.5517241379310345,0.329440499688264,7.0,-0.0742949606427205,29,1979.0,44,101.90967559814452,10.5,1.0,1.0,21600.739505857713,3.817136527850732,0.4452897871759524,0.1333345152821487,4.740148848262787,19063.69502995912,0.882548258349646,938.0118367511594,0.0492040937120032,2.567068427567361,0.1254471120328998,0.1670677400085982,0.0,-547884.3108248212,2753765.9955657837,8174,3136,0.1451802147398507,6.0,0.1256498186338909,0.4320172061017895,406,45,14469321,primary_and_secondary_downstream_links,101102050210,21600.7803,1.0,classified,47.591406,-103.252667,0.75,3.87,13.48,0.86,411.4147899514341,6.645963344536429,10,1011,4.633851667556029,3.4011973816621555,9.980529123108273,1.33950054148882,1.55606853780102,-0.1249418079874648,21600.7803,21600.7803,1.0,8013,448.2413817278768,0.0169886362855141,161.21808486,0.7463530604956896,492.9552329213066,1.0997539562747805,0.0542704772312868,1.8077381645692312,1.0,837.16655526,3.87563108199383,302.5120354007743,0.6748864512121876,0.082572572062225,0.6444822648995756,1.0,8174,8174,1.0,km2,channel km; reach midpoint to receiving outlet,area_consistent,included_landscape,True
06337470,20,6,True,14.550000190734863,15.671000027656556,0.298654287168185,5.300000429153442,0.95,0.634310282282125,6.0,,0,2018.0,5,,13.55,0.0,1.0,140.36476912800347,2.1075418902462757,0.5918846285886752,0.3576416557065331,2.8135388854457344,143.2964461935733,1.020886131782088,37.62963583143659,0.2625999236617791,2.015803740321589,0.4887048806913107,0.0665067468236209,0.0,-491868.7294643068,2750621.537922681,62,28,0.1994802554369311,4.0,0.2498970724605337,0.4844326374265059,14,0,14470111,primary_and_secondary_downstream_links,10110205,140.3685,1.0,classified,47.60000966,-102.5110168,0.31,5.909999999999999,0.92,2.36,455.8625200776575,5.478735762639242,10,1011,,3.044522437723423,4.951343564906999,0.7455222874442698,1.0344430808178071,0.0206710067946469,140.36849999999998,140.36849999999998,1.0,62,19.968838204084253,1.0,0.4439595599999999,0.3162814734074952,23.219027934875424,1.1627630860430531,0.0,0.5810024881072013,1.0,8.288891369999998,5.9050936428044745,10.793147295947731,0.5404995115709935,0.0,2.633381362344551,1.0,62,62,1.0,km2,channel km; reach midpoint to receiving outlet,area_consistent,included_landscape,True
06337480,20,6,True,22.300000190734863,21.080000114440917,0.2554790809014229,8.975000619888306,1.0,0.2603580693695956,9.0,,0,2018.0,5,,15.15,0.0,1.0,132.65106034402632,2.343526686766947,0.5795513767267466,0.2724835147841569,3.0678945016861197,118.68758101172232,0.8947352603432633,32.448820754573894,0.2733969340176294,1.5365954754528015,0.1365841670757505,0.0712805604396538,0.0,-491942.3992271627,2755343.073025466,56,25,0.1884643811754183,3.0,0.2161487582678147,0.4845023536482318,15,0,14469913,primary_and_secondary_downstream_links,10110205,132.651,1.0,classified,47.64084318,-102.5115733,0.34,12.090000000000002,1.29,2.73,451.719390510285,5.399079429547873,10,1011,,3.044522437723423,4.895232376291027,0.8516569258843573,1.1209914962404106,-0.1112274029634338,132.651,132.651,1.0,56,17.749751981138477,1.0,0.45223164,0.3409183798086709,18.553607352716405,1.0452882593758004,0.0,1.1131765987822206,1.0,16.03737693,12.08990277495081,16.114497466882508,0.9078716978133752,0.0,-1.0384427091310684,1.0,56,56,1.0,km2,channel km; reach midpoint to receiving outlet,area_consistent,included_landscape,True
06338490,107,12,True,3.299999952316284,4.10565419509032,0.7603297694790242,0.9499999284744264,0.0186915887850467,0.1273939431977993,12.0,0.2734403826935203,107,1998.0,32,21148.38671875,7.05,1.0,1.0,447520.0830758973,1.0291388633822038,0.8805571051436489,0.0600791503193084,1.275966572791836,308706.0530754304,0.6898149708804807,1527.243069531441,0.004947240438976,1.899727457607138,0.0866066574409349,0.0523589365881954,0.0,-408498.3165007,2733352.503437111,142681,51798,0.1157445262433402,9.0,0.1574431077395303,0.584482832618123,728,3779,21543562,primary_and_secondary_downstream_links,10130101,447520.023,3.0,classified,47.5022218,-101.4309953,1.66,11.58,16.13,1.12,428.259526593437,5.840080585093568,10,1013,9.9593661873046,4.68213122712422,13.011478928606028,0.0287223975839352,0.2437039877078521,-0.3713318754958869,427567.9302,447520.023,0.9554163126238489,137836,1014.3652631951888,0.0038402529376605,7109.7886944,1.662844238826404,1021.8371042181294,1.007366026119038,0.0034420428429131,4.08235725142397,1.0,49632.15195693,11.608015580989427,1268.2538766811354,1.2502930874093745,-0.0034857407554108,0.7850788984408545,1.0,142681,142681,1.0,km2,channel km; reach midpoint to receiving outlet,area_consistent,included_landscape,True
06339100,43,12,True,15.0,20.06511628350546,0.8083193859993029,12.0,0.9069767441860463,0.3116158827480225,10.0,-0.045902005508731,43,1979.0,5,2.1964285373687744,8.25,1.0,1.0,529.2725061305699,1.2828380509400004,0.7474167695916186,0.3265769494219057,1.5566019587406783,520.5686073727762,0.9835549765820512,88.41413774405358,0.1698414704456826,2.557596312218934,0.8922483335125632,0.1774276468925691,0.0,-514394.408820226,2711740.249334474,178,84,0.158708413958834,5.0,0.1167144236764357,0.556905051851208,36,0,16247217,primary_and_secondary_downstream_links,101302010107,529.2603,3.0,classified,47.236111,-102.769444,0.11,0.48,26.17,1.44,434.4202508717153,5.766176559056899,10,1013,1.1620341044500269,3.784189633918261,6.273391036920424,0.2490748508072948,0.4425052138879059,-0.016581743801175,529.2602999999999,529.2602999999999,1.0,178,51.231109137224166,0.4353789619210056,0.58799277,0.1110970858762692,41.84357973348039,0.8167611523186239,0.1958026255668812,0.1751962307986985,1.0,2.5409292299999997,0.480090652935805,57.215834532410426,1.1168181891037334,-0.0633715762607604,0.3666813947769057,1.0,178,178,1.0,km2,channel km; reach midpoint to receiving outlet,area_consistent,included_landscape,True
06339300,39,12,True,13.0,17.228205118423855,0.5808867919834264,5.5,0.8974358974358975,0.4850522714192532,12.0,0.0929655231813604,39,1979.0,4,8.838709831237793,7.0,1.0,1.0,1927.3727715161483,1.7366445453726345,0.6732090647182458,0.2535831142934727,2.474010360597611,1636.125875752064,0.8488891717947339,195.71783073404464,0.1196227219645191,2.8267152095169905,0.0258630953459434,0.1006281201181875,0.0,-480206.7224505913,2699683.7312278133,544,247,0.128153724930803,5.0,0.1470866612423824,0.599469945436,58,3,16248197,primary_and_secondary_downstream_links,10130201,1927.3563,3.0,classified,47.13806467,-102.3337893,0.5,0.48,36.92,1.98,435.2093647762786,5.772964027563904,10,1013,2.2863245877562703,3.688879454113936,7.564431802703588,0.5519548292267695,0.9058404617536094,-0.163826640891798,1927.3563,1927.3563,1.0,539,100.3807892897385,0.1014421152954438,9.721001700000002,0.5043697265523766,71.75892507915155,0.7148671133878717,-0.0299604263250572,0.4815741030290987,1.0,9.38676996,0.4870282656092181,121.60891034679148,1.2114759328677946,-0.0772144745873935,0.3553360765172527,1.0,544,544,1.0,km2,channel km; reach midpoint to receiving outlet,area_consistent,included_landscape,True
06339550,43,12,True,12.0,15.139534879562468,0.5077588709854912,4.5,0.9069767441860463,0.2273351291286697,1.0,-0.0844600722141136,43,1979.0,6,1.2626667022705078,5.0,1.0,1.0,275.8998581006252,2.1252373353062093,0.6295903238355746,0.3529557402286603,2.106993073046939,285.7607757663412,1.0357409305448777,60.91798336863123,0.2131782544516963,2.1445718476863616,0.0130277060216909,0.0900094772209568,0.0,-450722.4533971415,2704160.4940705984,114,54,0.1957231887386666,4.0,0.146258459880669,0.5517341389186157,28,0,16249039,primary_and_secondary_downstream_links,10130201,275.9022,1.0,classified,47.1991747,-101.9121125,0.47,0.62,41.74,2.3,463.6799113215906,5.723597277619233,10,1013,0.8165440744392153,3.784189633918261,5.623655917719671,0.7538834833427509,0.7452618472262059,0.0351170455236913,275.9022,275.9022,1.0,114,39.4586367767274,0.660599299316932,1.3135979699999998,0.4761100020224557,41.71370792532893,1.0571502548697165,-0.1534540652237336,1.123061169425422,1.0,1.72437498,0.6249950091010511,25.3509408516731,0.6424687450587502,0.2954026197088242,0.9600846948119658,1.0,114,114,1.0,km2,channel km; reach midpoint to receiving outlet,area_consistent,included_landscape,True
06339560,84,12,True,11.0,12.848214285714286,0.4887493238423441,4.0,0.6428571428571429,0.197392030773819,3.0,0.0369714432297164,84,1979.0,14,0.3182311654090881,9.0,1.0,1.0,63.232766458977885,2.1885146420040233,0.5452956066198682,0.3866359467903587,3.0636607840380408,62.06047315782245,0.9814606672014586,23.21661407958419,0.3740966334649647,1.528401822848445,0.0219579847670005,0.1041306563211325,0.0,-440632.2507519736,2700843.3691503685,25,12,0.1897750276003656,2.0,0.1142683690887685,0.346989739826138,12,0,16249107,primary_and_secondary_downstream_links,10130201,63.2349,1.0,classified,47.1786181,-101.7851648,0.85,0.07,65.42,3.5500000000000003,468.60443463942875,5.689939609690668,10,1013,0.2762908117550391,4.442651256490317,4.162513461476806,0.7832230680555038,1.1196105355791697,-0.0187133402393116,63.2349,63.2349,1.0,25,11.069928395553722,1.0,0.5395105800000001,0.8531848393845806,11.509973202879545,1.039751368897975,0.0,2.339780427230836,1.0,0.0421623899999999,0.0666758230028038,14.26179568639254,1.2883367603462408,0.0,0.0800486161613585,1.0,25,25,1.0,km2,channel km; reach midpoint to receiving outlet,area_consistent,included_landscape,True
06339800,37,12,True,18.0,19.62432432819057,0.4059415156820087,10.0,0.918918918918919,0.5892716853885439,11.0,-0.0639152818761415,37,1979.0,4,0.9151613116264344,10.0,1.0,1.0,345.35110837259543,1.8280639118744324,0.6953175688171854,0.4819288396052275,1.8513870296989503,253.07773153869417,0.7328128545215249,53.06600697075436,0.2096826403813441,1.8151239953210612,0.1583787906752798,0.1729710275472947,0.0,-500681.4602413283,2723342.818840174,64,25,0.0723900963219952,4.0,0.3444051109021517,0.5390329446916471,10,0,16246905,primary_and_secondary_downstream_links,10130201,345.3624,2.0,classified,47.3427902,-102.617962,1.12,1.1,31.19,4.390000000000001,437.7284520054937,5.746623504790486,10,1013,0.6498018549212287,3.6375861597263857,5.8474530246153495,0.6032574351529603,0.6159351039544833,-0.310864924125517,345.3624,345.36240000000004,1.0,63,30.443903898774163,0.9523656889111264,3.868710570000001,1.1201886974378223,21.109435757374317,0.6933879382737211,0.0417454187595619,0.5006932416556156,1.0,3.805924229999999,1.1020088550461775,46.79662715764576,1.5371427827799065,-0.6055656345127758,-0.103495672024971,1.0,64,64,1.0,km2,channel km; reach midpoint to receiving outlet,area_consistent,included_landscape,True
06339900,39,12,True,14.0,16.95128204883673,0.5037581802790035,10.5,0.9230769230769232,0.0665557052795652,11.0,-0.0288914538662007,39,1979.0,4,4.300000190734863,9.5,1.0,1.0,727.8066760630725,1.88726821523439,0.6545403245032427,0.3298348894921362,2.548032854570447,514.3284067876089,0.7066827273002874,87.69786546100178,0.1705094727486372,1.9303916692360317,0.2011086367908781,0.1431743530426878,0.0,-483566.33511431655,2724315.4930324317,133,54,0.0741955271585339,4.0,0.2371956553767544,0.4988291312580353,17,0,16246791,primary_and_secondary_downstream_links,10130201,727.8237,1.0,classified,47.36556497,-102.376846,1.09,0.58,36.73,3.79,447.8675475116007,5.717363472490686,10,1013,1.6677068565457855,3.688879454113936,6.591408506253782,0.6351303947247008,0.9353216318852038,-0.3471734729307226,727.8236999999999,727.8236999999999,1.0,132,47.675897475927215,0.5289906058294063,7.934791950000001,1.0902079651981658,45.93026177164796,0.9633853624850864,0.1884583790806517,0.7172001826388776,1.0,4.18260078,0.5746722427423014,76.47724875188663,1.6041071652715495,-0.4322336306155299,0.0050111675894919,1.0,133,133,1.0,km2,channel km; reach midpoint to receiving outlet,area_consistent,included_landscape,True
06340000,74,12,True,11.0,13.24391890216518,0.514806092798967,3.6999998092651367,0.5945945945945946,0.1451507091197012,4.0,0.0758740052771515,74,1978.5,7,10.17724609375,7.75,1.0,1.0,1436.016475632119,2.761194760696117,0.5209827418719685,0.2189249403549402,4.088525145371584,1083.1016733882277,0.7542404225630197,165.6057784386674,0.1528995684408914,2.0626390447823315,0.0817471658314841,0.0820753950393948,0.0,-450460.24942637025,2712939.3472909024,296,132,0.0919209509360921,5.0,0.1568021299195774,0.3989120487903586,48,0,16249787,primary_and_secondary_downstream_links,101302010909,1436.0445,1.0,classified,47.286111,-101.925278,0.77,0.51,38.36,3.41,457.6086966379476,5.639847902249035,10,1013,2.413880113032606,4.31748811353631,7.270324351310529,1.0156634703718634,1.4081843048691938,-0.2820440989844485,1436.0445,1436.0445,1.0,294,88.67308176209026,0.2084431923941075,11.11188402,0.7737841007016147,103.06813521206328,1.1623384815765725,-0.1078569292556267,0.5600907562510925,1.0,7.27069455,0.5063000868009313,105.1929587481082,1.186300923095701,0.110474801485858,0.2242923927666398,1.0,296,296,1.0,km2,channel km; reach midpoint to receiving outlet,area_consistent,included_landscape,True
06340500,57,12,True,10.0,11.754385994191756,0.5597061564748596,4.600000381469727,0.5087719298245614,0.1246858329004793,5.0,-0.0010014210363331,57,1977.0,6,43.225807189941406,11.5,1.0,1.0,5805.536403256484,1.825123648441046,0.6579042085924455,0.2769769484931894,2.2699251035585823,4973.918958033916,0.8567544172565879,326.09556128420496,0.0655610925782159,2.6708349133205433,0.2863921035463856,0.0813232146069372,0.0,-426778.0509348891,2711659.132177087,1730,792,0.136421502680742,6.0,0.1386326434455482,0.4852804187888762,109,6,16249791,primary_and_secondary_downstream_links,101302011006,5805.5634,3.0,classified,47.285278,-101.621667,0.8,0.75,37.370000000000005,2.5,449.400904633064,5.680432586193426,10,1013,3.7893084917716857,4.060443010546419,8.666739528063642,0.6016477373097893,0.8197468369219402,-0.1546039624116025,5805.563399999999,5805.5634,1.0,1721,150.58522555299288,0.0929570246360586,46.25486028,0.7967333589019114,120.11714848909226,0.7976688818440657,0.117221803948655,1.343661478164468,1.0,43.611834599999995,0.7512076192295135,136.8524410604033,0.9088039052824816,0.0044246819340199,0.5739966442334831,1.0,1730,1730,1.0,km2,channel km; reach midpoint to receiving outlet,area_consistent,included_landscape,True
06340520,25,10,True,16.0,17.49199996948242,0.3668340306089416,8.0,0.88,0.304232866982533,10.0,-0.1382118569927644,25,1979.0,5,0.2663333415985107,4.5,1.0,1.0,121.87923078250056,2.0068547615960535,0.579741334353166,0.3709223757084907,2.0582583719901604,113.88192962737104,0.9343833965493178,32.281446022502344,0.2834641644036881,2.0083670092479315,0.8975675809101817,0.035156582502652,0.0,-432524.14634009503,2717554.6179674123,39,19,0.1558920242441177,3.0,0.2637382853927235,0.4864663308744019,11,0,16248619,primary_and_secondary_downstream_links,10130201,121.8726,3.0,classified,47.3352821,-101.6951674,1.96,0.16,57.59,3.72,479.412179369249,5.199779844314563,10,1013,0.2361255920642364,3.258096538021482,4.8112020094717325,0.6965687012744126,0.7218601747164439,-0.0678684361699447,121.8726,121.8726,1.0,39,16.209662704742495,1.0,2.3932737899999994,1.9637504984713543,15.91963809754922,0.9821079184387704,0.0,1.9867743966590483,1.0,0.19269576,0.1581124551375781,18.482457070176327,1.1402123169884884,0.0,0.1560728448806601,1.0,39,39,1.0,km2,channel km; reach midpoint to receiving outlet,area_consistent,included_landscape,True
06340780,27,10,True,23.0,23.133333329801207,0.4210584052979556,11.0,0.9629629629629628,0.4769459462242958,11.0,-0.1990157781524708,27,1979.0,5,0.8777419328689575,11.0,1.0,1.0,59.43863215759974,1.687364041469273,0.6078287284906738,0.2877005366511359,2.287594829564547,50.336597736803945,0.8468666910661399,24.58809720597054,0.4884735622088496,1.94468872579244,1.0,0.0976521963742872,0.0,-400882.8446001103,2708343.567242985,17,8,0.1345925992843886,3.0,0.1076312075715916,0.4950625959048839,7,0,14519457,primary_and_secondary_downstream_links,10130101,59.4405,3.0,classified,47.2691636,-101.3098787,5.13,3.8,36.28,2.66,475.51375125991825,5.306791155997048,10,1013,0.6300699554059138,3.332204510175204,4.101628505738778,0.5231675725005621,0.8275009728556249,-0.1662119862494172,59.44049999999999,59.44049999999999,1.0,17,13.979736777954429,1.0,3.0510756,5.132991142402908,8.174166745145548,0.584715354443292,0.0,6.170824814964053,1.0,2.26184634,3.805227647815883,11.009706668064377,0.7875474941292394,0.0,2.0130084851871937,1.0,17,17,1.0,km2,channel km; reach midpoint to receiving outlet,area_consistent,included_landscape,True
06340930,30,11,True,20.5,22.216666666666665,0.4573935984208587,9.75,1.0,0.3499572487289504,7.0,-0.0750507139891281,30,1980.0,5,0.1811451613903045,13.25,1.0,1.0,112.11336167398348,1.201134732844425,0.7872994080774397,0.3415979451522041,2.6615019959080986,44.33399115442284,0.3954389601066684,21.689472684730035,0.4892289667578519,1.7160179998127874,0.60049919913623,0.2270516632823052,0.0,-387045.8188872525,2711369.0122603546,17,8,0.0713563475445803,3.0,0.2750889441934385,0.5288728248436619,7,0,14518575,primary_and_secondary_downstream_links,10130101,112.122,2.0,classified,47.3033275,-101.089315,2.94,0.36,82.19999999999999,4.25,466.0073569180687,5.266403298993819,10,1013,0.1664844436249243,3.4339872044851463,4.728390516497576,0.1832667206894895,0.978890623548898,-0.9277588396989372,112.122,112.122,1.0,17,13.970018586450475,1.0,3.29830326,2.941709263124097,12.852503294002748,0.92000616996089,0.0,4.838955067093972,1.0,0.4017381299999999,0.3583044629956654,6.319085962004652,0.4523319652654961,0.0,1.4332960042940543,1.0,17,17,1.0,km2,channel km; reach midpoint to receiving outlet,area_consistent,included_landscape,True
06342040,20,11,True,14.0,15.730000042915345,0.5110125464647065,11.425000190734863,0.65,0.4305883037531378,8.0,,20,1979.0,4,1.0291935205459597,8.875,1.0,1.0,44.10650263216485,1.2312831588556878,0.8420720751299938,0.5247143021971074,1.3041946194893308,47.2941016591973,1.0722705006474007,13.084023601652572,0.2766523338562689,1.6743074372583866,0.0821592536876199,0.1317451766131694,0.0,-413392.4955301928,2694715.7299836418,21,9,0.2040515448494597,3.0,0.2892308334725237,0.3538487577714951,5,0,14518943,primary_and_secondary_downstream_links,10130101,44.1009,3.0,classified,47.13499899,-101.4257082,0.85,0.43,52.79,3.4299999999999997,483.0759017580458,5.5245590340944055,10,1013,0.7076384335976513,3.044522437723423,3.809026418646702,0.2080568441918322,0.2655857004427155,0.0697783635115414,44.10090000000001,44.10090000000001,1.0,21,7.645187965551721,1.0,0.37106613,0.8414026244362357,6.87148532194248,0.898798741496553,0.0,1.5867426643741074,1.0,0.1904247,0.4317932287096181,6.54936001072865,0.8566643541322022,0.0,0.2662832292942885,1.0,21,21,1.0,km2,channel km; reach midpoint to receiving outlet,area_consistent,included_landscape,True
06342200,45,12,True,10.0,13.45777776506212,0.5700694143063338,7.399999618530273,0.6,0.3964649834160689,9.0,0.0259446449453498,44,1979.0,5,1.6069355010986328,6.3333335,0.9777777777777776,1.0,201.55734225320748,1.674958485092953,0.7195693788775718,0.3414253785581423,2.2095669530839377,196.62973339235847,0.9755523227000152,41.64275415037804,0.2117825897026638,2.3706542926472127,0.9418049953031512,0.0680213862775899,0.0,-400400.67078755464,2689394.940051221,94,41,0.2034160578903324,4.0,0.2084259446352799,0.4602029141797775,18,0,14519065,primary_and_secondary_downstream_links,10130101,201.5577,3.0,classified,47.1022172,-101.2565372,1.09,0.53,45.56,3.57,484.7185937422894,5.45641625741214,10,1013,0.9581753939850228,3.828641396489095,5.311023018081856,0.5157883799507436,0.7927965474983836,-0.0247514835557171,201.55769999999995,201.55769999999995,1.0,94,20.261717530017464,1.0,2.1915813599999994,1.0873220720419017,15.091908376830697,0.7448484243486385,0.0,1.779524242819836,1.0,1.0859529600000002,0.5387801904863969,15.667689709363652,0.7732656269712663,0.0,0.6266797632428086,1.0,94,94,1.0,km2,channel km; reach midpoint to receiving outlet,area_consistent,included_landscape,True
06342230,29,12,True,18.0,18.531034502489813,0.3691730512311036,8.0,0.896551724137931,0.4726051966442584,10.0,-0.1612612321147109,29,1979.0,5,1.003333330154419,8.0,1.0,1.0,118.12978073039436,1.5978734944496702,0.7125095891635677,0.4412239935085848,2.1898360338353773,104.89187112176234,0.8879375757172978,27.098513168470586,0.2583471233630071,1.7156026275854444,0.7634986352678399,0.1648809943539717,0.0,-399160.6277619954,2686003.4390560742,42,17,0.1439095196392416,3.0,0.1847382431233362,0.5303787896574156,11,0,14519509,primary_and_secondary_downstream_links,10130101,118.1349,1.0,classified,47.0661057,-101.2368128,1.66,0.23,55.88,2.57,481.5797348294814,5.504312818081061,10,1013,0.694812458292194,3.4011973816621555,4.780213493218578,0.4686736792852623,0.7838266706306767,-0.1188538360766157,118.1349,118.1349,1.0,42,15.87492464631536,1.0,1.95947217,1.6586734064192714,14.109252880833209,0.8887760537564523,0.0,3.5195853000483908,1.0,0.26747757,0.2264170621890736,9.357955041482544,0.5894802810074797,0.0,0.6984212462686377,1.0,42,42,1.0,km2,channel km; reach midpoint to receiving outlet,area_consistent,included_landscape,True
06342500,53,12,True,3.799999952316284,4.518553459419395,0.5235368611592673,1.7000000476837158,0.0377358490566037,0.1541449898220093,12.0,0.0257018785720987,53,1978.0,5,28632.2578125,7.25,1.0,1.0,458712.92708744487,1.0702334982544102,0.8403801767501128,0.0560572998230374,1.3618873921933667,317153.916538677,0.6913995612733574,1652.867148847254,0.00521156152472,1.9718767805414952,0.0446944903343449,0.0522711475226448,0.0,-369256.9683471605,2654657.254602178,146033,53195,0.1159657747989722,9.0,0.1570441553563937,0.5586673631905481,808,3828,14523623,primary_and_secondary_downstream_links,101301011005,458712.8901,3.0,classified,46.814167,-100.821389,1.7000000000000002,11.3,16.810000000000002,1.17,429.0949845567857,5.831222032727709,10,1013,10.262324181786209,3.9889840465642745,13.036182042207283,0.0678768473343849,0.3088715260371596,-0.3690373860430389,438760.7973,458712.8901,0.9565041810888496,141122,1112.2772411582637,0.0014956042199716,7471.04166909,1.702759616416168,1093.968275176955,0.9835392065001326,0.0044781390606539,4.065775708705909,1.0,49743.616851,11.337297488086229,1387.3542569753204,1.2473097584291188,-0.0012145066401176,0.7799132909811544,1.0,146033,146033,1.0,km2,channel km; reach midpoint to receiving outlet,area_consistent,included_landscape,True
06343000,47,12,True,17.0,19.91489361702128,0.4383441679930945,9.0,0.9787234042553192,0.176375144588705,12.0,-0.0847982787153192,45,1979.0,8,0.8790322542190552,7.5,0.9574468085106383,1.0,806.8319936922966,1.2536397163606965,0.816652771063451,0.3626154425847054,1.2963816143591849,787.4489227281706,0.9759763233044052,80.17687143746026,0.1018185041890488,2.3839426981404617,0.4084383169769054,0.2153527732618224,0.0,-530557.2871816693,2672091.0332087292,348,159,0.1970670489557187,5.0,0.1493419007151001,0.4984233078780559,34,4,16235445,primary_and_secondary_downstream_links,101302020304,806.8131,3.0,classified,46.865556,-102.948056,0.26,0.07,50.77,3.79,421.7665086988596,6.001331034587935,10,1013,0.6307568859141522,3.871201010907891,6.694354108302305,0.226051093402659,0.2595770101106258,-0.0243169517727175,806.8131000000001,806.8131000000001,1.0,347,42.75969172655971,0.6291888418767618,2.09672253,0.2598771053667819,32.388429254609086,0.7574523563389342,0.1918612996505483,0.3749825187435022,1.0,0.60435927,0.0749069728788488,30.260651419717608,0.7076910566434588,0.3228964798226968,0.2237809909524723,1.0,348,348,1.0,km2,channel km; reach midpoint to receiving outlet,area_consistent,included_landscape,True
06344600,45,12,True,12.0,12.775555578867596,0.395315515863293,4.899999618530273,0.6888888888888889,0.4515010445568639,7.0,0.057290821047182,45,1979.0,5,2.2166666984558105,8.75,1.0,1.0,411.4784054536757,1.0749105108487524,0.9054067077944772,0.3484656833469352,1.1051847049507255,423.8090507313319,1.0299666886870067,48.556133111194775,0.1145707790510974,2.5039827391614033,0.9206076543642596,0.1398339662581431,0.0,-535296.3931936387,2689721.523017944,177,77,0.1871301117615239,5.0,0.1870976970390502,0.545064077656355,23,3,16233369,primary_and_secondary_downstream_links,101302020204,411.4827,3.0,classified,47.027778,-103.052778,0.66,0.05,50.84,3.24,428.71154428484056,5.8300112448094055,10,1013,1.16834563656542,3.828641396489095,6.022183853989073,0.0722374123924179,0.1000124748026375,0.0295264606379843,411.4827,411.4827,1.0,175,32.9057855471202,0.965328311494019,2.7032543999999996,0.6569545694144613,33.62275363132305,1.0217885114207703,-0.0084638188291774,1.036881445235708,1.0,0.19864908,0.04827641113466,33.92732873983106,1.0310444858168797,0.034671688505981,0.0408728086073877,1.0,177,177,1.0,km2,channel km; reach midpoint to receiving outlet,area_consistent,included_landscape,True
06349000,23,12,True,8.800000190734863,9.686956540397976,0.4354074855524319,2.4499995708465576,0.217391304347826,0.0053667534785302,5.0,,23,1979.0,3,97.76667022705078,7.5,1.0,1.0,8582.662487552952,2.2313991541304037,0.5598488307865088,0.1919913831598759,3.1361449851464585,7972.240487088096,0.9288773150114984,460.01209378893464,0.057701733224678,2.521595673956995,0.0141695487528508,0.0889615204642246,0.0,-378664.52491709654,2658996.511097017,3319,1467,0.1709259803851688,6.0,0.12227572225038,0.5018810341268576,196,9,16225429,primary_and_secondary_downstream_links,101302030607,8582.6457,1.0,classified,46.833889,-100.974167,1.08,0.8,48.66,3.53,453.3918083616881,5.821941352965065,10,1013,4.592760201959848,3.1780538303479458,9.057615964752928,0.8026288121011349,1.142994333927909,-0.0737786102330855,8582.645700000001,8582.645700000001,1.0,3299,247.30306786860024,0.0408699499269788,92.17603935,1.0739816435624272,187.43502476033623,0.7579162942690475,0.1106361011951884,1.9122869414766444,1.0,69.13445634,0.8055145086555302,115.79363131451818,0.4682256160932177,0.1449802084486211,0.9418624747754014,1.0,3319,3319,1.0,km2,channel km; reach midpoint to receiving outlet,area_consistent,included_landscape,True
06349700,43,12,True,3.5999999046325684,4.261627934699835,0.4226756316224606,1.5500001907348633,0.0232558139534883,0.0916749759756848,9.0,,0,1977.0,4,,9.0,0.0,1.0,472366.0626234113,1.3711216226774496,0.7191038617649045,0.053411209947199,1.4619720911020029,328120.7002138039,0.6946322485394014,1680.1321659344635,0.0051204698906216,1.9902121331289857,0.0805489947052533,0.0526936436205273,0.0,-363222.9667166088,2638515.2458447022,150584,55129,0.1167082150098302,9.0,0.1561443304305889,0.5583595970488938,819,3845,14482800,primary_and_secondary_downstream_links,101301020202,472366.035,3.0,classified,46.656389,-100.739167,1.73,10.99,17.68,1.26,430.3256839367795,5.826755658978752,10,1013,,3.784189633918261,13.065511637384734,0.3156291075700669,0.3797862716118655,-0.3643727122529075,452413.9422,472366.035,0.9577613729149684,145640,1111.5477710958146,0.0017707252701019,7811.522282340001,1.726631642772569,1078.643164742671,0.9703974878914068,0.0060816337404679,4.031358590724104,1.0,49830.61282911,11.014384876556532,1411.8207953218246,1.2701395585814428,-0.0014792191152446,0.7460722309830263,1.0,150584,150584,1.0,km2,channel km; reach midpoint to receiving outlet,area_consistent,included_landscape,True
06349900,27,12,True,17.0,19.074074074074073,0.5795403836228117,9.5,0.8888888888888888,0.1556604209498356,3.0,-0.1709001459865871,27,1979.0,3,0.1706451624631881,3.5,1.0,1.0,746.5572139486544,1.249122439572978,0.7996080393323762,0.3244422249686796,1.4714441162773275,709.9653017542513,0.950985789821971,109.13416110732167,0.1537175983638388,2.8181034380957444,0.9044847775906564,0.1073062449456893,0.0,-527657.7934825179,2634932.5123490645,269,111,0.1486825094260414,5.0,0.2105308967610339,0.4452886067497548,36,1,16211440,primary_and_secondary_downstream_links,10130204,746.5563,3.0,classified,46.5430642,-102.8882233,0.53,0.17,63.38,2.85,405.3470565743132,6.151345279936099,10,1013,0.1575550177417294,3.332204510175204,6.616810842735312,0.2224412564212545,0.3862443105847929,-0.0502561589017276,746.5563,746.5563,1.0,267,59.72698208936151,0.3649661787061471,3.9962718000000006,0.5352940963729059,63.56910161063368,1.0643280371260633,-0.0432211487509776,0.3475822872903252,1.0,1.24886079,0.1672828680167858,54.84294554202074,0.9182273006857532,-0.0590969552837351,-0.0169367931671939,1.0,269,269,1.0,km2,channel km; reach midpoint to receiving outlet,area_consistent,included_landscape,True
06349930,67,12,True,17.0,17.685820906909544,0.3296413499620628,8.0,0.9701492537313432,0.1132798435172289,9.0,0.0054245305490027,67,1978.0,9,0.1369999945163726,9.75,1.0,1.0,169.48421828028572,1.6369284674836078,0.707014865427748,0.4089424374355217,1.6414620539794744,159.7582106619763,0.9426140810218392,49.371648644034686,0.309039819859384,2.358177146301889,0.4402486873109992,0.0715817414663932,0.0,-516442.9911050472,2626191.2146033105,54,24,0.1416061049431153,4.0,0.1997631441328966,0.4765637959791201,13,2,16212988,primary_and_secondary_downstream_links,10130204,169.4763,3.0,classified,46.4638955,-102.7393306,0.9,0.13,81.72,3.11,418.0897972930917,6.067835920754874,10,1013,0.1283932099455077,4.219507705176107,5.138642731033551,0.4928216001120721,0.4955873410182217,-0.0590983261128485,169.47629999999998,169.47629999999998,1.0,52,28.00612701333461,1.0,1.51070355,0.8913951685279891,26.72008852876529,0.9540801024019854,0.0,2.053017601667711,1.0,0.2378621699999999,0.140351288056206,26.3826032854657,0.9420296948915536,0.0,0.1101071361274866,1.0,54,54,1.0,km2,channel km; reach midpoint to receiving outlet,area_consistent,included_landscape,True
06350000,39,12,True,12.0,14.474358949905788,0.6409998008531907,3.5,0.8717948717948718,0.2845962956134589,6.0,0.0088039322084765,39,1979.0,4,6.72580623626709,7.5,1.0,1.0,1505.1358344909395,1.8368380530629815,0.6715065878440984,0.2530462773004174,2.273672630041092,1434.8129901897923,0.9532780745168216,170.6943930527853,0.1189663002913058,2.8010304207713466,0.6562561786595833,0.0696494078519884,0.0,-504143.56360232463,2620724.9903318617,539,227,0.1508169527282399,5.0,0.2105308967610339,0.5036240252233131,52,4,16213178,primary_and_secondary_downstream_links,101302040305,1505.1357,3.0,classified,46.426667,-102.551389,0.6,0.13,70.67999999999999,2.96,413.5432328086419,6.092742392550297,10,1013,2.044566184492252,3.688879454113936,7.317302599837578,0.6080456439706438,0.8213964228016893,-0.0478486293098578,1505.1357,1505.1356999999998,1.0000000000000002,534,81.89022730305977,0.3214725423096402,9.009787590000002,0.5986030090177252,78.27952929507629,0.9559080719776122,0.0644891804572334,0.7342955088080158,1.0,1.7889687,0.1188576352285046,97.42076081316851,1.189650633800701,-0.2178097951637566,0.0119742528562913,1.0,539,539,1.0,km2,channel km; reach midpoint to receiving outlet,area_consistent,included_landscape,True
06352400,36,12,True,14.5,16.469444433848064,0.4222151473695307,8.25,0.8611111111111112,0.361692341284563,3.0,0.0609058396007893,36,1979.0,4,1.5841398239135742,9.25,1.0,1.0,17.791784127822627,1.3207478376779933,0.7620290263041369,0.4453897694681977,1.715138898606393,17.23325130566542,0.9686072617482032,3.401007604297437,0.1973514773256604,1.1563029612652609,0.5523748403941783,0.2885835639565968,0.0,-461457.18960417726,2582667.3483808553,7,3,0.1686171537630466,2.0,0.3733766233766233,0.2119240525868908,3,0,21861112,primary_and_secondary_downstream_links,10130205,17.7957,2.0,classified,46.1013925,-101.9576462,0.31,0.01,58.75,2.02,442.1010574713953,6.324137621988064,10,1013,0.9493926958780472,3.610917912644224,2.9334197598397274,0.2781981198684386,0.5394940677794,-0.0318960518821161,17.7957,17.7957,1.0,7,3.47012815455419,1.0,0.05404986,0.3037242704698326,3.246353993146328,0.9355141506476694,0.0,0.5267659734326064,1.0,0.00098298,0.0055236939260607,4.1865000000000006,1.2064395934500705,0.0,-0.0055236939260607,1.0,7,7,1.0,km2,channel km; reach midpoint to receiving outlet,gross_area_mismatch,mapping_discrepancy_excluded,False
06354000,29,12,True,9.800000190734863,10.805172459832551,0.3565963701340305,2.1999998092651367,0.4827586206896552,0.028380852194803,2.0,-0.0995802774725154,29,1979.0,41,37.74419403076172,8.0,1.0,1.0,10534.884107176447,2.1020094829766363,0.6017969515739904,0.1724113824821,2.716242702027378,9808.156065433745,0.9310169875293028,538.8540958376977,0.0549393884276318,2.86069397676066,0.1724477650766305,0.0953672266683682,0.0,-379568.284123334,2609660.1381784724,3570,1550,0.1471302374312905,6.0,0.1484280578434679,0.4396222947084566,174,23,16203752,primary_and_secondary_downstream_links,101302060301,10534.9095,1.0,classified,46.376111,-100.934444,1.18,0.25,51.76,2.43,440.9485566219853,6.151026746961883,10,1013,3.656980913109287,3.4011973816621555,9.262542243664106,0.7428937838511654,0.9992495658025192,-0.0714777553309315,10534.9095,10534.9095,1.0,3536,271.8315222675667,0.0594584319874793,124.36908273,1.180542488096362,270.4067464220334,0.9947586069722596,0.0182891613673084,1.5812420818209272,1.0,25.574538600000004,0.2427599268887882,162.8892751837757,0.5992287937211419,0.0457914973308935,0.4199653129741916,1.0,3570,3570,1.0,km2,channel km; reach midpoint to receiving outlet,area_consistent,included_landscape,True
06355310,72,12,True,29.5,32.43055555555556,0.4290397712250987,15.25,1.0,0.2988639041265947,9.0,-0.3731056862773412,72,1979.0,13,0.546935498714447,10.25,1.0,1.0,43.64838995062138,1.796217792356095,0.6737111807278694,0.468162619133724,2.877719378516872,36.15070047706712,0.8282252911954769,15.305352751904694,0.4233763813681545,1.4327770585348805,0.5218836027837811,0.0662755799562832,0.0,-544145.8427261172,2587287.659739215,13,5,0.1145517625199098,3.0,0.4224598930481282,0.4096783804761055,4,0,21848069,primary_and_secondary_downstream_links,10130301,43.6554,2.0,classified,46.1111169,-103.0393349,1.66,0.0,69.59,3.86,424.6284463198552,6.199477080396241,10,1013,0.4362758762901775,4.290459441148391,3.7988182473357672,0.5856832277596526,1.056998097983898,-0.1884700707910767,43.6554,43.6554,1.0,12,7.770975477260545,1.0,0.7228770299999999,1.6558708201047292,6.350654329630587,0.8172274315127996,0.0,0.2154940624796073,1.0,0.0,0.0,,,,0.0,1.0,13,13,1.0,km2,channel km; reach midpoint to receiving outlet,area_consistent,included_landscape,True
06364700,35,12,True,8.0,12.210000024523056,1.052731174023083,6.099999904632568,0.3714285714285714,0.3383677167471359,10.0,0.059839437509089,35,1979.0,4,0.6476666927337646,14.0,1.0,1.0,2489.5353335135633,1.766216173833668,0.7328845777453413,0.4543679062991287,1.7744002091452689,1978.7100914094517,0.7948110094170998,103.6164625903128,0.0523656613670504,1.473954049486511,0.0589311016617047,0.0334671419914126,0.0,-741165.1170964043,2312615.149216233,707,280,0.112470787713154,5.0,0.1050394505206587,0.3787980620296965,39,1,5401773,primary_and_secondary_downstream_links,10120101,2489.5368,3.0,classified,43.4855256,-105.2280351,0.68,0.51,0.0699999999999999,0.3299999999999999,346.53078630509583,7.2161070254804,10,1012,0.4993601614773262,3.58351893845611,7.82025295972993,0.5688395034297662,0.5734624554821218,-0.2296509165922831,2489.5368,2489.5368,1.0,700,62.50935655759338,0.3149176184099789,17.045063459999998,0.6846680659631141,58.29515886738478,0.9325829296238904,0.0357919353577957,2.671229557960605,1.0,12.6139986,0.5066805439469703,101.41635357606988,1.6224187731420543,-0.3007907490760946,-0.07389635068983,1.0,707,707,1.0,km2,channel km; reach midpoint to receiving outlet,area_consistent,included_landscape,True
06375600,40,11,True,11.925000190734863,12.347500014305115,0.3452088500841249,4.400000095367432,0.75,0.4052978271883306,1.0,-0.0315959312502629,40,1981.0,20,1.3320000171661377,9.25,1.0,1.0,647.0328067316352,2.434281982791391,0.5814928749821332,0.3187019380564624,3.347300976486524,601.7439507498757,0.9300053173338648,100.35017847115977,0.1667655791904618,2.073147308199472,0.6749110032634448,0.1309502571817165,0.0,-711909.8657200149,2329025.8575117886,252,99,0.1530061520374522,4.0,0.1495867768595041,0.4861795733944635,42,0,5411845,primary_and_secondary_downstream_links,10120103,647.0091,1.0,classified,43.6547222,-104.9094444,0.5,1.23,0.3399999999999999,0.74,344.76815846982856,7.521381952925802,10,1012,0.8467262758493684,3.713572066704308,6.473941322743014,0.8896518394538209,1.2081543424427514,-0.0725649752878851,647.0091,647.0091,1.0,247,61.00267089187773,0.3261014412316612,3.2102754300000003,0.4961716040779025,62.87914953314613,1.0307605980825711,-0.0924831127258108,0.7201032510054846,1.0,7.988323049999999,1.2346538943579,48.69574900044949,0.7982560154908421,0.3402195784221447,-0.3061909697145387,1.0,252,252,1.0,km2,channel km; reach midpoint to receiving outlet,area_consistent,included_landscape,True
06378300,21,11,True,16.5,21.671428566887265,0.6880079981601986,14.0,0.8095238095238095,0.4646794022365588,9.0,,21,1979.0,3,0.4019354879856109,10.0,1.0,1.0,906.6862512527922,2.1438815472538275,0.6327444548826673,0.441224703209723,2.3691871133110474,848.9932117289591,0.9363693455766896,116.59881204869988,0.1373377436213518,2.185452041275599,0.6484432569743497,0.1848602596400919,0.0,-687572.3265335315,2316219.732675976,294,140,0.1544084293839884,5.0,0.1522735816738962,0.499102094152195,30,0,5412091,primary_and_secondary_downstream_links,10120103,906.6942,1.0,classified,43.56108487,-104.5616232,0.3999999999999999,0.38,0.42,0.42,371.77188529003024,7.79617799467409,10,1012,0.3378537732781106,3.091042453358316,6.810898780621341,0.7626179931999454,0.862546906148345,-0.0657452803635445,906.6942,906.6942,1.0,294,62.37589048656096,0.3399097512700534,3.62121804,0.3993869200883826,59.80589686066792,0.958798285590059,0.1176774753748244,1.4275468416389014,1.0,3.4765245,0.3834285583827491,101.97373432263602,1.6348261087287643,-0.3229847188130694,-0.0914347272556447,1.0,294,294,1.0,km2,channel km; reach midpoint to receiving outlet,official_area_missing,included_landscape,True
06425900,21,9,True,14.0,13.780952385493688,0.3597912241244142,6.699999809265137,0.7142857142857143,0.2095779678477488,3.0,,21,1979.0,5,1.1067742109298706,9.5,1.0,1.0,674.8739812946875,1.6552436116778786,0.7132327468917437,0.3602615575980493,1.850957151109935,458.97639825072207,0.68009200379931,85.57846069569625,0.1864550356442247,2.1446276883937845,0.8464266511051488,0.1701711336223054,0.0,-737614.1603766948,2378564.930350607,340,51,0.0755696639869874,4.0,0.1640207011375783,0.4007832485651215,23,0,10902911,primary_and_secondary_downstream_links,10120201,674.8695,3.0,classified,44.07997827,-105.266931,0.6399999999999999,0.01,7.04,0.91,409.0878760663337,7.419108343566794,10,1012,0.7451579676797025,3.091042453358316,6.516006640461806,0.5039481953849999,0.6157028842742194,-0.3855271902592965,674.8695,674.8695,1.0,330,46.70055779717412,0.5049909649198845,4.3013011500000005,0.637353021584173,41.92266462648168,0.897690875739785,0.1794694291169292,1.2253593465468298,1.0,0.1013780699999999,0.0150218775629955,29.010398513258348,0.6212002571629623,0.1945863697048525,0.0440691120449402,1.0,340,340,1.0,km2,channel km; reach midpoint to receiving outlet,area_consistent,included_landscape,True
06426400,36,12,True,13.224999904632568,17.384722206327652,0.9612799307913898,6.25,0.8611111111111112,0.3274849737741843,12.0,0.0771851930237428,36,1979.0,4,0.6131881475448608,4.25,1.0,1.0,631.6822205756355,2.298043296931134,0.5900008742563678,0.2811113867000107,3.5235417186359124,432.5563201082767,0.6847688695656171,92.08097905526336,0.2128762770873717,2.0792699378178567,0.3643932865058675,0.2414299007792557,0.0,-719401.1342872569,2399479.747405812,304,54,0.0854860216752518,3.0,0.0882435256082518,0.5037178497547101,37,2,10902235,primary_and_secondary_downstream_links,10120201,631.6803,1.0,classified,44.28275907,-105.0638696,0.45,0.13,6.54,9.01,419.02691397381,7.511569355793289,10,1012,0.4782124368197785,3.610917912644224,6.449968274881813,0.8320580203853357,1.25946665382721,-0.3786739143502619,631.6803,631.6803,1.0,279,46.87717611741256,0.5501099211104098,2.88279198,0.4563688277123728,40.70519164173095,0.8683371101488124,0.2121092487930669,1.3746984461318608,1.0,0.81937638,0.1297137776815265,40.80600708020776,0.870487739662508,0.4498900788895902,-0.0808497002956405,1.0,304,304,1.0,km2,channel km; reach midpoint to receiving outlet,area_consistent,included_landscape,True
06436180,36,12,True,2.299999952316284,2.4532407422860465,0.2460629589411095,0.7250000238418579,0.0,0.3060691811305453,6.0,0.0063798627563245,36,1987.0,3,15.189081192016602,10.25,1.0,1.0,162.27098605449902,2.826078810282615,0.4865147252478665,0.2485530847034122,3.31064321683295,114.96293438407189,0.7084626597724707,41.174608687221465,0.3581555125381891,1.5485559798402182,0.0764878045383658,0.1177791213498409,0.0,-604656.8914718839,2411790.2824388323,45,18,0.1109255600009398,3.0,0.1955473521596329,0.4742467708568013,12,0,5457710,primary_and_secondary_downstream_links,101202020506,162.2709,1.0,classified,44.442222,-103.628889,0.24,73.05999999999999,0.21,6.380000000000001,752.2950975265733,6.493336645352432,10,1012,2.784337014505091,3.610917912644224,5.095411311530009,1.0388901714469505,1.1971424958374262,-0.3446579244548443,162.27089999999998,162.27089999999998,1.0,44,23.15015156876557,1.0,0.39463245,0.2431936040288185,9.695328981904558,0.4188019656417973,0.0,0.7956802138768904,1.0,118.55664989999998,73.06094308961126,24.618433323461726,1.0634242825726108,0.0,-3.0499615199280754,1.0,45,45,1.0,km2,channel km; reach midpoint to receiving outlet,area_consistent,included_landscape,True
06436198,35,12,True,2.299999952316284,2.8000000021287375,0.9246286004385276,0.6500000357627869,0.0285714285714285,0.6024741447732679,5.0,-0.1140579786344672,35,1987.0,3,17.180644989013672,14.5,1.0,1.0,269.35497696108246,4.686899695306944,0.3583745936346585,0.1296556127296381,6.637352859262229,228.01668432291643,0.8465285731693061,70.73142457152379,0.3102028466976311,1.4427591764025958,0.2419419770304523,0.1906291112542392,0.0,-590001.9796671835,2428779.002854692,91,38,0.1410777719005741,4.0,0.0993064185761012,0.4677012818620402,24,0,5454566,primary_and_secondary_downstream_links,101202020507,269.3268,1.0,classified,44.6175,-103.480278,3.12,47.18000000000001,6.7299999999999995,4.76,661.1446286601223,7.185453214642391,10,1012,2.9003575660635517,3.58351893845611,5.599735824983818,1.5447713180943214,1.8927132182262552,-0.1666113234962705,269.3268,269.3268,1.0,90,39.192048392324864,0.5933260262253885,8.404083900000002,3.120403873658322,17.125012599103155,0.436951200602641,0.3933704595153117,7.736502147029505,1.0,127.06165251,47.17750053466643,52.450402538593785,1.338291941608884,-0.2435503019839441,-9.329343696190604,1.0,91,91,1.0,km2,channel km; reach midpoint to receiving outlet,area_consistent,included_landscape,True
06437000,31,12,True,4.449999809265137,4.698387038323187,0.2016358715551922,1.6499998569488523,0.0,0.2626497975024821,6.0,-0.0177813653034424,31,1986.0,3,204.03334045410156,13.16129,1.0,1.0,14980.171774070344,2.4316119188109497,0.556070261197566,0.1695530893004572,3.019274863897693,13715.6667145907,0.915588080126797,697.6663439665135,0.0508663821077204,2.989158540033216,0.9359642766047992,0.112330645224547,0.0,-565868.6471535752,2412193.790485872,6602,2452,0.1636830362816163,6.0,0.1309971990482786,0.5194312826709772,235,32,5454116,primary_and_secondary_downstream_links,101202020802,14980.1202,1.0,classified,44.513056,-103.136389,0.8,16.14,7.3,1.55,476.0732864126688,7.227744836838601,10,1012,5.32317260227602,3.4657359027997265,9.614549476580098,0.8885543785134778,1.1050166912632922,-0.0881887096354794,14977.8288,14980.1202,0.999847037275442,6437,329.0243489668209,0.015356718458419,119.66623767,0.79895583844569,198.0703736593161,0.60199305699193,0.096100840078526,1.7446190826186574,1.0,2415.04187445,16.124111890302817,263.38473653819784,0.8005022648483616,-0.0152611043771714,-2.742624765428575,1.0,6602,6602,1.0,km2,channel km; reach midpoint to receiving outlet,area_consistent,included_landscape,True
06438000,28,10,True,6.75,58.216071460928234,2.058754860653886,36.44999980926514,0.3571428571428571,1.065765192455433,9.0,-0.2577785663605792,28,1984.0,10,204.241943359375,14.0,1.0,1.0,18102.523595027054,2.190422540014796,0.5513190709146785,0.1692163320616208,2.6266649026025237,17125.35807427741,0.9460204807567228,794.8868715699339,0.0464157810962135,2.9293719190222856,0.97048098256459,0.1209461341055491,0.0,-521388.13761004835,2393619.7007874465,8249,3082,0.1702525056145573,6.0,0.1261562684510923,0.4706719619129008,296,44,5460336,primary_and_secondary_downstream_links,101202021305,18102.4668,1.0,classified,44.370003,-102.566081,0.89,14.42,8.1,1.5,475.6757986514988,7.356750221228663,10,1012,5.324189494745439,3.367295829986474,9.80386187206584,0.7840944658637823,0.9657149436034286,-0.0554910603160691,18100.1754,18102.4668,0.9998734205660854,8045,369.1609833238826,0.0284212770667404,160.65717417,0.8876000956874706,243.82708752141,0.6604898635983122,0.0109178205032961,1.901519647597051,1.0,2609.65450782,14.417840988546445,345.97947528983576,0.9372048805772396,-0.0281544496426836,-2.833742148682731,1.0,8249,8249,1.0,km2,channel km; reach midpoint to receiving outlet,area_consistent,included_landscape,True
06440000,35,12,True,3.799999952316284,6.885714272090367,0.9624973059306068,3.9999998807907104,0.1428571428571428,0.1287035604317779,11.0,,0,1997.0,22,,6.0,0.0,1.0,593964.576258872,1.4195829288102015,0.7787072290754438,0.0547990605062706,1.624955076487045,446411.9105758925,0.7515800241617935,2052.4462806869383,0.0045976512545088,2.2818261718042043,0.265321677227584,0.0723068810128834,0.0,-346919.52956179983,2381688.497589143,207873,77637,0.1307098152031256,9.0,0.1499804203460321,0.5496374032747836,979,4182,11543278,primary_and_secondary_downstream_links,101401010301,593964.5013,3.0,classified,44.373056,-100.3675,1.6,9.93,17.65,1.28,435.2666793366202,6.130151951180492,10,1014,,3.58351893845611,13.294576644239331,0.3503631163658293,0.4854801701608227,-0.2855775895477598,574010.1171,593964.5013,0.9664047528828305,202100,1280.589529606607,0.0009453016311652,9140.70230487,1.5924287800100865,1305.197401128348,1.0192160492904394,-0.0007362160296156,3.3511542384513135,1.0,57066.53805909,9.94173035614776,1632.0080867203685,1.2744193584198025,-0.0009323365284069,0.0474412103617947,1.0,207873,207873,1.0,km2,channel km; reach midpoint to receiving outlet,area_consistent,included_landscape,True
06453000,40,10,True,3.299999952316284,4.517500019073486,0.5536968246573153,1.557500183582306,0.075,0.0322058491626394,4.0,,16,2002.0,28,27883.33203125,11.75,0.4,1.0,645024.6745819814,1.523813629836078,0.7359471408729343,0.0498152520189627,1.755028526469981,490332.8519061524,0.7601768912544632,2359.997718443269,0.0048130524179011,2.1793970990315796,0.3539032662038276,0.0818542465124544,0.0,-206130.5646365221,2231271.495135536,229254,85878,0.1331390927884342,9.0,0.1483860000377764,0.5559813803591469,1086,4235,11756810,primary_and_secondary_downstream_links,10170101,645024.5451,3.0,classified,43.0649947,-98.5534157,1.62,9.33,18.33,1.34,442.8240885115477,6.330399848261889,10,1017,10.23582023412577,3.713572066704308,13.37704540053915,0.4212161596525994,0.5624851111845773,-0.274204121133614,625070.1609,645024.5451,0.96906414747844,223213,1493.3465008790115,0.0020870860290653,10136.10065616,1.6215940689866966,1492.7837633831784,0.9996231701781858,-0.0003601588137794,3.2570365680844446,1.0,58400.02680389999,9.342955472360638,1906.9676494007292,1.2769760054202106,-0.000448373263036,0.1642134308266971,1.0,229254,229254,1.0,km2,channel km; reach midpoint to receiving outlet,area_consistent,included_landscape,True
06453305,24,10,True,3.1449999809265137,3.1733333468437195,0.0724142695486242,0.2924999594688415,0.0,0.0216050840160827,1.0,,0,2003.0,3,,13.4,0.0,1.0,647280.525584132,1.5582409282902807,0.7209447361845323,0.0494066281079677,1.762891045304272,491270.5288575251,0.7589762235070843,2408.028770552425,0.00490163490196,2.1431293184144624,0.3761097888609778,0.0816992144701408,0.0,-172928.063763627,2205074.00377114,229447,85940,0.1327708722928815,9.0,0.1483870967741936,0.5557812765198635,1104,4244,11757996,primary_and_secondary_downstream_links,10170101,647280.3852,3.0,classified,42.83472065,-98.1392418,1.62,9.31,18.52,1.34,443.5882767507033,6.3407253760396,10,1017,,3.218875824868201,13.38053660339424,0.4435575749605525,0.5669551007710328,-0.2757848281548017,627326.0009999999,647280.3852,0.969171962172414,223402,1535.445706110724,0.0012464246639762,10191.64496013,1.6246170163334266,1532.10364000271,0.997823390241209,0.0013635389811525,3.2562179291522018,1.0,58482.68979735,9.32253560415552,1951.6201716755188,1.271044729167899,-8.446428193037772e-05,0.1791898987124582,1.0,229447,229447,1.0,km2,channel km; reach midpoint to receiving outlet,official_area_missing,included_landscape,True
06463720,24,8,True,3.3499999046325684,4.19374995927016,0.7279590342899068,2.100000023841858,0.0416666666666666,0.6099974533372267,4.0,,0,1987.0,4,,21.5,0.0,1.0,20263.649498501265,4.397186272671749,0.3673096771780259,0.0460019387270277,6.7452927456385865,7664.942375050367,0.3782607064742844,4.480987205636894,0.0005846080748398,1.218576355642765,0.0199399691566292,0.1504563581140497,0.0,-271522.7520497325,2203050.401176857,5036,1755,0.086608288409736,6.0,0.3829236410917078,0.4523379018695114,17,761,17279985,primary_and_secondary_downstream_links,101500041506,20263.6917,1.0,classified,42.78140833,-99.33471389,4.109999999999999,2.03,9.46,1.15,522.8596755192805,8.577886809454737,10,1015,,3.218875824868201,9.916633243008627,1.4809648528837474,1.908844890591656,-0.9721716214286424,20263.6917,20263.6917,1.0,4489,285.1277978788831,0.040441012039282,833.1143320799999,4.111365018843037,208.17247050058936,0.7301023332317009,-0.0153143074635289,10.441632579653891,1.0,408.99614904,2.018369382514835,126.48948034025872,0.4436238110813351,0.2855389857991837,5.928949550387232,1.0,5036,5036,1.0,km2,channel km; reach midpoint to receiving outlet,area_consistent,included_landscape,True
06467500,59,12,True,3.25,3.4685593338335976,0.1991220447845758,0.4149999618530273,0.0,0.1589826567291329,6.0,,0,2004.0,8,,11.8,0.0,1.0,681413.1634910557,1.7132691095503003,0.6887167089859176,0.0445063420294569,1.8225817565630364,507939.19490938995,0.745420285553461,2483.1062992524166,0.004888589666122,2.1066160276671697,0.2848437706406806,0.0832007444580935,0.0,-111998.06098479648,2208374.00057811,239631,89698,0.1316352615503551,9.0,0.1518367770753579,0.54471816445644,1155,5476,11761498,primary_and_secondary_downstream_links,101701011204,681413.1066,3.0,classified,42.866111,-97.393611,1.74,8.95,18.49,1.37,450.26339975235214,6.46556585323797,10,1017,,4.0943445622221,13.43192556986186,0.5384033053981269,0.6002540434627114,-0.2938070779881767,661458.7224,681413.1065999999,0.9707161720155854,232745,1545.1717929469185,0.0012389303704796,11539.84260978,1.744605100664404,1457.3641040066532,0.943172863146304,0.0015071601215296,3.368248691454731,1.0,59316.353862840006,8.967506490445821,2000.223820652304,1.2944993105507834,1.1800026091128134e-05,0.4860964767887488,1.0,239631,239631,1.0,km2,channel km; reach midpoint to receiving outlet,area_consistent,included_landscape,True
06607500,118,12,True,3.25,3.926271205231295,0.6577173962980437,1.3137500286102295,0.0423728813559322,0.379223216383984,4.0,0.0627366985293099,118,2009.0,10,1366.838623046875,12.45,1.0,1.0,9178.9487115282,2.572664585146135,0.5303453000485304,0.1898778767448956,3.1475217292157147,7008.517210360241,0.7635424742659221,394.52681593934585,0.0562924801491736,1.93504360243815,0.9549118487234508,0.0550992496842435,0.0,234.92637337394848,2097233.7814062284,3700,1474,0.1605848388877852,6.0,0.1146521063097271,0.4779888167725281,230,25,14626246,primary_and_secondary_downstream_links,10230003,9178.9407,1.0,classified,41.96502778,-95.97225,,,,,,,10,1023,7.220987125614997,4.77912349311153,9.12477689661943,0.9449421653563456,1.1466153905553358,-0.2697865248741728,9178.9407,9178.9407,1.0,3579,214.7362840463552,0.0617055517092511,167.41571616000002,1.8239110767977835,282.6788893454758,1.316400209684423,-0.0361662370733796,3.8226963513594514,1.0,261.98033355,2.8541456156264307,121.18693419949749,0.5643523857073768,0.3483236043132506,1.4895666256532771,1.0,3700,3700,1.0,km2,channel km; reach midpoint to receiving outlet,area_consistent,included_landscape,True
06609500,118,12,True,2.7300000190734863,3.6717373021578386,0.7633983487468459,1.4649999737739563,0.0338983050847457,0.3264032448908462,4.0,0.0222234198932086,118,2009.0,10,340.48388671875,12.85,1.0,1.0,2259.5128945859165,2.7867756621289534,0.445346652000774,0.1753295696597956,3.3281122993267207,2042.9251972467605,0.9041440755402954,162.8325841411929,0.0797056027115635,1.428117463566485,0.9746570393864016,0.0922456086790907,0.0,16106.310482278705,2068835.63316718,1156,477,0.2111074476020709,5.0,0.106705118961788,0.4750109265015744,140,1,17208706,primary_and_secondary_downstream_links,10230007,2259.486,1.0,classified,41.64169444,-95.7823333,0.33,2.63,89.31,5.35,833.8180694890609,8.967945485710878,10,1023,5.8333004940579745,4.77912349311153,7.723347011025365,1.024885250867769,1.2024052661777305,-0.1007665556912299,2259.486,2259.486,1.0,1149,74.62866633413529,0.2875261895847109,7.44182685,0.329359281270165,70.0501957922086,0.9386499750454136,0.0505195955036643,0.996157806260776,1.0,59.148981539999994,2.617806949899225,40.37752246409009,0.5410457461923226,0.4147321338643526,1.6387651946241069,1.0,1156,1156,1.0,km2,channel km; reach midpoint to receiving outlet,area_consistent,included_landscape,True
06610000,264,12,True,4.017499923706055,4.307424248167963,0.3246620372614052,1.154999852180481,0.0075757575757575,0.2303806495935695,5.0,0.2248951647569157,264,2011.0,48,32417.849609375,14.866667,1.0,1.0,780965.022442715,1.9776960429152235,0.638729819153967,0.0289976622655141,2.226293584359053,566959.8430760677,0.7259734133837666,2798.054998514255,0.0049351907947012,2.052225842650564,0.5325934550884321,0.0771205520955733,0.0,7347.924761188314,2024530.2466869592,264654,99457,0.1273514141374946,9.0,0.1485672071225953,0.5566426756094334,1245,5834,17219468,primary_and_secondary_downstream_links,10230006,780964.9398,3.0,classified,41.25905556,-95.92325,2.01,7.96,26.58,1.82,477.7095712253461,6.574179016981704,10,1023,10.3864953106803,5.579729825986222,13.568286922680455,0.6819325524919537,0.800338132907494,-0.3202418855114116,761010.5556000001,780964.9397999999,0.9744490652741594,257097,1686.897553749286,0.0010544802487888,15261.05425014,2.0053669607917324,1524.2739412512524,0.903596035137648,0.0011126546127949,3.2551921011964797,1.0,60692.01831873,7.975187449388119,2256.627511832908,1.3377383272726575,0.0004374579461888,0.7162238698137271,1.0,264654,264654,1.0,km2,channel km; reach midpoint to receiving outlet,area_consistent,included_landscape,True
06611100,24,12,True,6.099999904632568,6.175000011920929,0.4450311763017882,3.3500001430511475,0.125,0.6009991507967964,7.0,,23,1977.0,4,10.445160865783691,8.25,0.9583333333333334,1.0,299.1478750552402,2.1082988022961335,0.5685517961248896,0.2724828999335064,2.3437280032081915,234.82213095443555,0.7849700784639491,40.52541359143302,0.1725791918620162,2.256668051248683,0.961637851814051,0.1302200048607724,0.0,-876266.0653568401,1990895.4576652949,113,44,0.1470844477563981,4.0,0.2108227282828336,0.5583513155867215,12,6,15999332,primary_and_secondary_downstream_links,10180001,299.1573,3.0,classified,40.49331438,-106.4497549,10.75,61.07,1.06,0.75,728.5494398739721,2.071997717993272,10,1018,2.43756700885697,3.218875824868201,5.7042752700633965,0.7458813674537823,0.8517428253947035,-0.2421096785326192,299.15729999999996,299.1573,0.9999999999999998,111,23.85720901662771,1.0,32.15398679999999,10.748187258007745,21.459007694707864,0.8994768700626977,0.0,20.81167369426948,1.0,182.70089046000004,61.07184764002084,25.343651762084207,1.062305810559001,0.0,-20.60144955691893,1.0,113,113,1.0,km2,channel km; reach midpoint to receiving outlet,area_consistent,included_landscape,True
06611200,24,12,True,7.950000286102295,10.333333323399224,0.6330434571960857,6.649999976158142,0.4166666666666667,0.98567797244658,7.0,0.2254820883607431,24,1977.0,4,1.595161199569702,9.0,1.0,1.0,129.50496354036846,2.139991660862606,0.5768852033258159,0.3702996598442512,2.6860837317600916,105.33404297213625,0.8133591183885563,32.09488724850805,0.3046962439009203,1.6958730539517488,0.9732056328443054,0.2742725585806542,0.0,-869301.0696747098,1992942.3346425705,67,21,0.1621559469684265,3.0,0.1901835524088494,0.3403472790292871,11,6,15997918,primary_and_secondary_downstream_links,10180001,129.5118,1.0,classified,40.5230357,-106.3691966,8.120000000000001,64.47,2.97,0.05,660.5871948764767,1.6921836866555913,10,1018,0.9536486339832114,3.218875824868201,4.87141126083154,0.7608019322329929,0.988084271018029,-0.206582546928777,129.51179999999997,129.5118,0.9999999999999998,51,17.236733488763193,1.0,10.51797411,8.1212477241456,10.452650624385306,0.6064171399528512,0.0,15.16475608059818,1.0,83.51249292000001,64.48253589248242,20.349719725786382,1.1806018663021378,0.0,-16.26333205535782,1.0,67,67,1.0,km2,channel km; reach midpoint to receiving outlet,area_consistent,included_landscape,True
06611300,24,12,True,5.8500001430511475,6.779166633884112,0.4729167257855685,4.2250001430511475,0.2083333333333333,0.8433958711927216,6.0,0.0181606586941305,24,1977.0,4,11.477418899536133,10.0,1.0,1.0,580.2003818876659,1.2103150894135626,0.8095780375676889,0.2852014657376717,1.4877376067089292,499.72776099034263,0.861302020113279,61.89506709351727,0.1238575719124665,2.4514252063019457,0.985654376512338,0.1038794152044969,0.0,-870408.5979269276,1997864.0522402152,279,96,0.1654600772368792,5.0,0.1923594178438397,0.6353694763022025,14,13,15997734,primary_and_secondary_downstream_links,10180001,580.1976,3.0,classified,40.55747954,-106.3900305,10.26,47.43,3.05,0.5499999999999999,610.5662230168226,2.21408631219833,10,1018,2.523920522603869,3.218875824868201,6.365095588763472,0.1908807301833082,0.3972565812839163,-0.1493100577662381,580.1976,580.1976,1.0,248,30.405898448649225,0.8703588225804451,59.487730469999995,10.253012158271597,29.17991068043817,0.9596792783386568,0.0090038837574758,16.60873501916111,1.0,275.15240865,47.42391362011839,36.157908086973656,1.1891741383021015,-0.0628357333218185,-17.815343776063166,1.0,279,279,1.0,km2,channel km; reach midpoint to receiving outlet,area_consistent,included_landscape,True
06611800,24,12,True,6.0,6.90416665871938,0.6880218449225584,3.825000286102295,0.0833333333333333,0.6789375436830994,6.0,,23,1977.0,4,4.679999828338623,8.25,0.9583333333333334,1.0,93.8057723694604,1.4283347666291468,0.7147721032728708,0.4736131543397973,1.768780155687089,69.27676294728236,0.7385127929487231,22.362471038761623,0.3227990178435275,1.5342674585711154,0.061121200358561,0.1644341287289231,0.0,-879867.0221328362,1999690.1582081893,34,11,0.1172635726155076,3.0,0.2175284335276688,0.4784067991939074,7,0,15997562,primary_and_secondary_downstream_links,10180001,93.8115,3.0,classified,40.5733126,-106.5100346,14.01,56.36999999999999,5.87,1.37,775.815126865438,2.365430166597717,10,1018,1.736951202510986,3.218875824868201,4.551830297380468,0.3565092668554451,0.5702901314157867,-0.3031168542782462,93.8115,93.8115,1.0,34,13.750423605314916,1.0,13.14660195,14.013848995059242,12.159728550809286,0.8843166508782476,0.0,20.495076203819032,1.0,52.88793138,56.3768102844534,15.945166036463066,1.1596127140621195,0.0,-12.360455909131469,1.0,34,34,1.0,km2,channel km; reach midpoint to receiving outlet,area_consistent,included_landscape,True
06611900,25,12,True,7.300000190734863,8.007999982833862,0.4542835547261552,5.800000190734863,0.4,0.6435560501331817,6.0,0.079750019985707,25,1977.0,4,4.616128921508789,7.0,1.0,1.0,136.0191612845582,1.9569289284298887,0.6430611784650315,0.445844476597879,2.868927771301893,101.9173448470171,0.7492866731754171,34.36618224530968,0.3371966008032783,1.7798724635801164,0.1543470848092099,0.1614940938608952,0.0,-875136.226919695,2000782.002187254,47,16,0.11763048565288,3.0,0.1481770346791369,0.504664219939958,10,0,15997508,primary_and_secondary_downstream_links,10180001,136.0242,1.0,classified,40.5824791,-106.4500324,13.06,42.41,7.3,1.18,686.3174790842993,2.473610903852744,10,1018,1.7256426225691377,3.258096538021482,4.920120779439088,0.6713763711626969,1.0539383611165782,-0.2886336274694694,136.02419999999998,136.02419999999998,1.0,45,20.82421422144001,1.0,17.768660399999998,13.06286704865752,19.80779936830129,0.9511907223806674,0.0,20.41057660616482,1.0,57.67456842000001,42.40022615093492,26.614406295162524,1.2780509272595315,0.0,-10.408611531645564,1.0,47,47,1.0,km2,channel km; reach midpoint to receiving outlet,area_consistent,included_landscape,True
06697100,35,12,True,2.200000047683716,2.7885714088167464,0.6118733777724036,2.100000023841858,0.0,0.740146082509624,6.0,,0,1999.0,4,,3.6,0.0,1.0,206.53557061968797,2.003555447849268,0.6012173747477437,0.3575071157533833,2.6273840247160125,110.7489217116638,0.5362220240289528,28.995928312430543,0.2618168002386679,1.280883020810105,0.1549512294145069,0.3004764701679958,0.0,-832494.0851365766,1849375.2934815648,35,13,0.0629431528961083,3.0,0.2525532899185082,0.5248188448530892,7,1,5239514,primary_and_secondary_downstream_links,10190001,206.5347,1.0,classified,39.28165524,-105.7875114,10.25,24.56,0.15,0.88,466.2489888477548,1.9702710334110904,10,1019,,3.58351893845611,5.335302749652418,0.6949233262036248,0.9659886837714122,-0.6232069797437719,206.5347,206.53469999999996,1.0000000000000002,31,14.80969702330892,1.0,21.18574908,10.257718959574348,12.522989739774404,0.8455939186375333,0.0,26.605669096755193,1.0,50.72420817,24.559654222752886,20.532118671585373,1.3863969424404805,0.0,-5.039131593036796,1.0,35,35,1.0,km2,channel km; reach midpoint to receiving outlet,area_consistent,included_landscape,True
06698500,42,12,True,6.450000047683716,6.510714306717827,0.5464244013480012,5.82500022649765,0.119047619047619,0.6930295879076402,5.0,0.0775043820351886,42,1979.0,4,9.566128730773926,6.166667,1.0,1.0,477.8575353232811,1.3974007383995857,0.7785675225373401,0.4409526862395893,1.370429742341212,255.8970329720993,0.5355090462243718,32.40862393311898,0.1266471266067884,1.241652212642782,0.6479703911277466,0.2798333855253693,0.0,-827424.453783251,1849510.6276997244,78,30,0.0627802174966317,4.0,0.2612124592746068,0.3934775805020682,9,2,5239512,primary_and_secondary_downstream_links,10190001,477.8676,3.0,classified,39.2949885,-105.7186202,16.54,27.869999999999997,0.14,1.01,474.58388167878945,1.9898126654206931,10,1019,2.357653482159665,3.7612001156935624,6.171403132135516,0.3346138955456813,0.3151243711936091,-0.6245374961943083,477.8676,477.8676,1.0,74,21.132263029131924,1.0,79.01488512,16.534890651720268,19.89667296070581,0.9415306317774492,0.0,26.362339328010123,1.0,133.1425602,27.861809463541785,24.95939078046785,1.1811035451366485,0.0,-4.670420512092349,1.0,78,78,1.0,km2,channel km; reach midpoint to receiving outlet,area_consistent,included_landscape,True
06710200,10,7,False,11.25,12.32443151473999,0.4659821399637612,4.7423015832901,0.6,,,,0,1976.0,2,,3.5,0.0,0.5,43.03625092817282,2.3582149927864635,0.5743043365296717,0.4469882514933999,4.104135392222468,35.55692362917492,0.8262086697216995,17.565028117011778,0.4939974082178314,1.432836180199739,0.5800099613026517,0.5458406102666866,0.0,-761264.7965186406,1877776.446568384,15,5,0.1161811238703148,2.0,0.1511048590352265,0.2975206274579752,5,0,189405,primary_and_secondary_downstream_links,10190002,43.0236,2.0,classified,39.5960991,-104.9522032,1.0,1.74,0.01,69.0,463.87459749255504,9.90674760142122,10,1019,,2.3978952727983707,3.785013179442735,0.8579049738649579,1.411995097631919,-0.1909079105842127,43.023599999999995,43.023599999999995,1.0,15,8.890390479876164,1.0,0.43090074,1.0015450589908796,8.684378567045396,0.9768275743009168,0.0,3.3179453944697412,1.0,0.7469907299999999,1.7362348339051128,12.835641431514151,1.4437657671581756,0.0,-0.8657061942869742,1.0,15,15,1.0,km2,channel km; reach midpoint to receiving outlet,gross_area_mismatch,mapping_discrepancy_excluded,False
06710247,28,9,True,6.622499942779541,7.258988056864057,0.2962043337483437,2.8550000190734863,0.1428571428571428,0.1566612915951226,8.0,0.0307788427705744,28,2007.0,8,178.26983642578125,12.625,1.0,0.0714285714285714,8025.863431885397,1.337360308604379,0.8135446483219441,0.3813891715205406,1.4586621189873754,4461.646993234093,0.5559086609309504,217.32222747866408,0.0487089695370844,1.8814049333420328,0.6530291581859292,0.0620952184618766,0.0,-765315.0277838234,1884034.3881182557,1835,629,0.0783716300854422,5.0,0.163582568577303,0.4787180353536583,104,55,188209,primary_and_secondary_downstream_links,101900020904,8025.8517,3.0,classified,39.63248027,-105.01501425,4.33,42.45,0.04,4.88,482.8703508211698,4.318488824883305,10,1019,5.188892136820195,3.367295829986474,8.990549124393397,0.2906977521686116,0.3775196587506697,-0.5871512771279798,8025.8517,8025.851700000001,1.0,1815,118.37144751330877,0.1185191597796405,347.94187335000004,4.33526417327148,146.4941177210891,1.2375798454658455,-0.0498699745579102,13.163076337184542,1.0,3406.9856018400005,42.4501439746264,106.44739392591828,0.8992657956130017,-0.0404975376816663,-8.355220953207954,0.9996301734219196,1835,1835,1.0,km2,channel km; reach midpoint to receiving outlet,area_consistent,included_landscape,True
06713500,234,12,True,4.361666679382324,4.91650642390944,0.7458652276729208,1.1174999475479126,0.0299145299145299,0.2048359480155008,6.0,0.0261704391155688,233,2016.0,54,29.20322608947754,11.75,0.9957264957264956,0.9957264957264956,1057.2132018013028,3.489354342521918,0.4376049227490388,0.2308421520755623,4.535944612528261,600.7318595879282,0.568222056406776,105.48015193047937,0.1755860792914053,1.3514744839177963,0.9437548546625704,0.1953954725671748,0.0,-763205.8112650334,1894650.037173387,231,70,0.0662118103337458,4.0,0.1440056224702731,0.4691689350662698,31,2,233727,primary_and_secondary_downstream_links,10190003,1057.2192,1.0,classified,39.74248685,-104.9999817,2.51,6.99,0.62,27.910000000000004,486.810634815283,8.877548482121776,10,1019,3.4079487428304156,5.459585514144159,6.9643371061069175,1.2497167169566117,1.512033355708983,-0.5652429922817012,1057.2192,1057.2192000000002,0.9999999999999998,226,61.52063739137541,0.3967223637255169,26.542098449999997,2.510557739587022,63.52268118071783,1.032542637304065,-0.026740107480815,11.769194155812528,1.0,73.94484212999998,6.994277263409516,77.86008593901336,1.2655929658805614,-0.3386426539541492,-3.6455786240588974,1.0,231,231,1.0,km2,channel km; reach midpoint to receiving outlet,area_consistent,included_landscape,True
06714000,113,12,True,5.300000190734863,6.352795005899615,0.4785794566367212,2.2699999809265137,0.0973451327433628,0.126080850221122,5.0,-0.2497006128650183,96,1999.0,39,252.23333740234375,12.5,0.8495575221238938,0.7168141592920354,10000.95599505212,1.505204868816207,0.791970108145223,0.38416255469768,1.590440391556878,5518.653287540772,0.5518125757448662,232.3468455710092,0.0421020914822768,1.8864510377336137,0.6841003145195163,0.0493088030969689,0.0,-763039.2907081587,1896402.822846898,2252,757,0.0756927638092317,5.0,0.1625545980403731,0.4781320073063478,112,59,228593,primary_and_secondary_downstream_links,10190003,10000.9521,3.0,classified,39.75945556,-105.0040028,3.94,38.99,0.11,10.14,486.8845773954332,5.0578574955629705,10,1019,5.534311345909292,4.736198448394496,9.210535952354306,0.4089290143958832,0.4640109537033544,-0.5945468270547593,10000.9521,10000.9521,0.9999999999999998,2224,117.78651877459744,0.1435510025090511,393.6855078,3.9364802857119976,149.5192001976784,1.269408432757965,-0.0531926235359758,12.649830643617928,1.0,3899.33458272,38.98963362418265,114.03076146966336,0.9681138610427796,-0.0904951753951623,-8.031834433603578,0.9997002783449982,2252,2252,1.0,km2,channel km; reach midpoint to receiving outlet,area_consistent,included_landscape,True
06719505,29,12,True,1.100000023841858,1.4034482836723328,0.5016528796527016,0.5,0.0,0.5155862428403659,6.0,0.2438154879741049,29,1994.0,9,73.03333282470703,6.5,1.0,1.0,1027.188782038557,2.1492975922889697,0.6037532392868404,0.3487621199265789,2.30583905422824,505.40126733379384,0.4920237410797802,76.21162237395383,0.1507942842644666,1.2760961314717203,0.3662046935353042,0.0071813503786277,0.0,-781566.872656143,1897806.4093285117,203,74,0.0720412851989482,4.0,0.1344068812148587,0.4919654897153453,25,1,2885178,primary_and_secondary_downstream_links,101900040402,1027.1835,1.0,classified,39.753056,-105.234722,1.54,60.290000000000006,0.0,3.8,643.9554963791308,2.7216820396325696,10,1019,4.304515435362038,3.4011973816621555,6.9355540692706565,0.765141087500144,0.835444625060842,-0.7092283094268312,1027.1835,1027.1835,1.0000000000000002,202,44.93255726245603,0.557212513635587,15.76193481,1.5344809189399946,53.35155001305897,1.1873695436791338,-0.2429694191356928,5.423238377890907,1.0,619.31474037,60.292512522835494,42.350203368903266,0.9425282233889126,0.1086506460619047,-0.7502114180858754,1.0,203,203,1.0,km2,channel km; reach midpoint to receiving outlet,area_consistent,included_landscape,True
06721500,32,10,True,2.0999999046325684,2.940624989569187,0.5713716021765821,2.050000011920929,0.0,0.7763980067361761,5.0,,0,2009.5,11,,8.6,0.0,0.96875,86.6020795125376,1.303489571153308,0.7829271315045118,0.5297723657173302,1.4441643836309626,51.342355488542744,0.5928536101850739,15.667866472479838,0.3051645434533323,1.2693340413998424,0.924405990518219,0.257911663501749,0.0,-801345.4183275996,1951372.2573255736,55,9,0.1039236014961632,3.0,0.3390859492625752,0.5288627698185039,7,0,2888642,primary_and_secondary_downstream_links,10190005,86.6079,2.0,classified,40.2188737,-105.5283329,1.05,50.45,0.0,0.26,925.1648468902032,0.6501364784777584,10,1019,,3.49650756146648,4.472804736388185,0.2650449537098613,0.3675308730710721,-0.5228077735544314,86.6079,86.60789999999999,1.0000000000000002,53,9.928622777483346,1.0,0.91138491,1.0523115212353606,5.276222586354869,0.531415353831406,0.0,3.9602526219385377,1.0,43.69040694,50.44621442154816,7.980840261024471,0.8038214805706831,0.0,11.487800466003309,1.0,55,55,1.0,km2,channel km; reach midpoint to receiving outlet,area_consistent,included_landscape,True
06731000,30,12,True,5.0,5.070000028610229,0.1301775114172843,0.7000002861022949,0.0,0.1283109334691019,6.0,0.02407753514425,28,1994.0,29,166.90322875976562,13.299999,0.9333333333333332,1.0,2536.0265777729837,1.3502048159873004,0.8250006685601331,0.4294075117381119,1.5149411000723052,1272.063414406009,0.5015970359124051,100.1698301626791,0.0787459406726617,1.4622405615197267,0.4168087827583669,0.2182092953253,0.0,-747048.3927642476,1952181.1137754545,671,167,0.0658510448840214,5.0,0.1807228915662651,0.4827443835883768,37,7,2890908,primary_and_secondary_downstream_links,10190005,2536.0488,3.0,classified,40.25803869,-104.879696,3.27,39.92,15.41,13.48,554.0128535616344,7.131119040768719,10,1019,5.123387794153305,3.4339872044851463,7.838748035607862,0.3002562964888469,0.4153765603655071,-0.689958198946426,2536.0488,2536.0488,1.0,654,63.36657730499902,0.3220344576965553,83.01990932999999,3.2735927372533205,52.217697200578606,0.824057404098724,0.2349757733817107,9.068176334259917,1.0,1012.4963739,39.924167622484234,81.09704781132825,1.279807924941063,-0.3193746434597628,4.210646664358912,1.0,671,671,1.0,km2,channel km; reach midpoint to receiving outlet,area_consistent,included_landscape,True
06734900,32,11,True,3.2200000286102295,3.5403125286102295,0.236507796867996,0.6475000977516174,0.0,0.2728086177383267,5.0,,0,2020.5,16,,7.55,0.0,1.0,438.83816435134,1.13869629250563,0.8341745504618046,0.4263308024825774,1.295599609145827,268.6575109794591,0.6122017928330594,39.719535680347875,0.1478445011105039,1.3312233120304784,0.552780382548367,0.0910867631267305,0.0,-792714.2832412625,1970250.1173440444,243,60,0.136724662698122,4.0,0.3243183445234999,0.4619883333913946,21,16,13560,primary_and_secondary_downstream_links,10190006,438.8535,3.0,classified,40.37385556,-105.4738139,2.21,54.32,0.09,4.89,746.1618547468308,2.434843590067507,10,1019,,3.49650756146648,6.086406850961837,0.1298840049282085,0.2589736066368711,-0.4906933239663586,438.8535,438.8535,1.0,233,22.221902192303354,1.0,9.68640669,2.207207345959415,20.907540403982875,0.9408528677272412,0.0,8.724872815049073,1.0,238.41660807,54.327152015422,20.496498021028614,0.9223556941100955,0.0,1.2722676051471424,1.0,243,243,1.0,km2,channel km; reach midpoint to receiving outlet,official_area_missing,included_landscape,True
06752000,29,12,True,2.299999952316284,2.96034482840834,0.5121312172234714,1.5999999046325684,0.0,0.5008032585280874,6.0,0.2177843778174811,29,1994.0,30,73.5,11.2,1.0,1.0,2733.771672746853,1.2654889377144534,0.7595234210100705,0.3165387131332858,1.5848511962241938,2126.396646792291,0.7778252543877302,101.65981373655796,0.0478084904290615,1.9737405056649289,0.0114519046544914,0.1146924904456741,0.0,-771344.1037013852,1998680.4963581504,1016,408,0.14924435865196,6.0,0.1165372529302452,0.462206638332596,60,9,2900705,primary_and_secondary_downstream_links,10190007,2733.7617,3.0,classified,40.6644262,-105.2244271,2.37,52.2,0.21,0.8300000000000001,547.5040416054826,4.426274080528822,10,1019,4.310799125385514,3.4011973816621555,7.913803227914783,0.2354585595301874,0.4604905204136103,-0.2512533887882007,2733.7617,2733.7617,1.0,1008,64.63580016497049,0.2735589938215902,64.73305296,2.367911327457693,69.80828091753708,1.0800250130634237,-0.0871862403620104,7.862453901097582,1.0,1427.01165774,52.19956288582139,71.22355841969821,1.1019211990555349,-0.1470744740974451,-5.739273596445791,1.0,1016,1016,1.0,km2,channel km; reach midpoint to receiving outlet,area_consistent,included_landscape,True
06753400,26,12,True,3.0999999046325684,3.4884615127856913,0.3237646682830056,1.4500000476837158,0.0,0.4386639548654489,7.0,0.7569149047518537,26,1994.0,2,0.4675860404968261,10.1,1.0,1.0,464.4512190130251,3.4357602431167944,0.424432240658764,0.2577673104696641,3.2772674626293066,339.61554282466335,0.7312189718144311,81.47442685338028,0.2399019378669717,1.456319444937051,0.847982509826882,0.47968773531756,0.0,-736898.7747531913,2017548.964014507,111,35,0.0753577524769473,4.0,0.1156994825509839,0.4393172698148168,17,0,2919739,primary_and_secondary_downstream_links,10190008,464.4423,1.0,classified,40.8983161,-104.8680253,2.0,0.83,0.02,1.23,421.7701106522969,6.965662136367207,10,1019,0.3836189016636368,3.295836866004329,6.143007298557942,1.2342382237819445,1.1870099845213768,-0.313042313043082,464.4423,464.4423,1.0,111,40.44273945396445,0.6201896338899364,9.30875607,2.004286876970509,49.61323945503547,1.226752690962236,-0.1380985224402839,6.612738420266186,1.0,3.88246833,0.8359420169093125,68.56349529268924,1.695322725868616,-0.6189660875281301,0.0181098622806155,1.0,111,111,1.0,km2,channel km; reach midpoint to receiving outlet,area_consistent,included_landscape,True
06753990,63,12,True,7.599999904632568,9.208650747934977,0.7305308729042318,3.049999713897705,0.1746031746031746,0.4775485551079069,3.0,0.0335687778620262,61,2001.0,11,4.022580623626709,14.65,0.9682539682539684,1.0,1480.7672733438924,3.233641172971022,0.4137291323796538,0.2345382442553295,3.528540674633244,874.0967057717701,0.5902998543436679,156.82089975618666,0.1794090959509155,1.5237972729718758,0.9956418706040232,0.2532091394296258,0.0,-721415.8421856179,1968428.885234988,281,89,0.060103975555199,4.0,0.1518384036637226,0.5119075839938534,27,3,2920517,primary_and_secondary_downstream_links,10190008,1480.7628,1.0,classified,40.4424808,-104.5888487,0.75,0.27,16.2,2.26,371.2331312681713,8.142952531067444,10,1019,1.6139438700672533,4.1588830833596715,7.300990757994225,1.1736088004445882,1.2608843788496529,-0.5271246434851969,1480.7628,1480.7628,1.0,278,72.7043823606995,0.2979155067914996,11.007853830000002,0.7433907598164947,111.22229002806216,1.5297879772400569,-0.2189627024190963,3.101345421088028,1.0,3.97987776,0.2687721328493666,138.54102634967737,1.9055388664516872,-0.2734400239063167,0.0741418567414446,1.0,281,281,1.0,km2,channel km; reach midpoint to receiving outlet,area_consistent,included_landscape,True
06754000,241,12,True,4.590000152587891,4.673450893386271,0.1733336779298379,0.75,0.0,0.1294492392160698,3.0,0.0595867750223356,115,2013.0,51,673.3870849609375,11.7,0.4771784232365145,0.991701244813278,25021.39587734704,2.0533631774353003,0.6483164846636892,0.28125162609151,2.615472766361461,13992.898099991771,0.5592373090847482,350.443044259941,0.0250443504809162,1.7517850793833878,0.1463796008906537,0.063666579197759,0.0,-717004.7620210991,1964400.260402782,6349,2050,0.0819298815321472,7.0,0.1575668453843535,0.5771278553885033,135,125,226565,primary_and_secondary_downstream_links,10190003,25021.3626,3.0,classified,40.4119253,-104.5627366,2.98,32.11,9.72,11.88,483.2311078679703,6.308383731565131,10,1019,6.513804256090481,5.488937726156687,10.127526537923442,0.719479023236938,0.9614448713718956,-0.5811813716101095,25019.4213,25021.3626,0.9999224142972932,6209,158.95938719341606,0.0730942445899018,745.98892416,2.981639404105642,187.86123085369545,1.1818190430308633,0.0049540644993524,8.99150371500173,1.0,8033.26940145,32.10813433742371,185.55488577450697,1.1673100220796049,-0.0729201703618238,-2.245530528207272,0.9998843800971148,6349,6349,1.0,km2,channel km; reach midpoint to receiving outlet,area_consistent,included_landscape,True
06759910,30,12,True,3.900000095367432,4.176666665077209,0.2700970933395021,0.8500000238418579,0.0,0.2819615037657417,7.0,0.08989825245094,28,1994.0,8,275.002685546875,15.450001,0.9333333333333332,1.0,42448.24935862073,1.233574390969676,0.8086049383553433,0.2646504088064115,1.181929002300676,23238.299811294,0.5474501342792027,457.1411739781802,0.0196718855376849,1.7301070676999448,0.0507270290701574,0.0558220611165926,0.0,-633035.9065293219,1952143.444324686,9774,3233,0.0761633294387773,7.0,0.1483095795742178,0.5329407479502787,179,162,3561816,primary_and_secondary_downstream_links,10190012,42448.1985,3.0,classified,40.3575,-103.5280556,2.28,19.51,17.91,8.299999999999999,448.946580447272,7.496058195402213,10,1019,5.620410595912112,3.4339872044851463,10.656064508629573,0.2099159640213636,0.1671478514444193,-0.6024839003815153,42446.2572,42448.1985,0.9999542666103958,9521,219.7669416118731,0.0327013567641483,967.15374723,2.2785371691853196,258.66519500245823,1.1769977463638854,0.0125034944451009,7.179062412748227,1.0,8280.88718886,19.509110426018907,290.21499319758584,1.3205580014401344,-0.0325532398846369,-1.353235821128223,0.999930919001237,9774,9774,1.0,km2,channel km; reach midpoint to receiving outlet,area_consistent,included_landscape,True
06765500,29,12,True,3.5,4.441724111293924,0.8030626559810479,1.0999999046325684,0.0344827586206896,0.3971384427802198,6.0,,16,1994.0,9,268.29034423828125,12.45,0.5517241379310345,1.0,135062.42252574995,1.071766086613402,0.7522205077013459,0.0575454065384701,1.378718246331111,73908.50309745532,0.5472173659802712,1222.5459843877895,0.0165413441370304,2.456203060460201,0.3956401031575462,0.0394922463332494,0.0,-397499.9261899526,2022155.8398622407,34236,11691,0.0865599756125437,7.0,0.1827691293962605,0.4234455834144765,840,1693,940190266,primary_and_secondary_downstream_links,10190018,135062.3799,3.0,classified,41.11805396,-100.7732011,2.64,11.21,14.28,3.649999999999999,429.2755631976415,7.204094417694966,10,1019,5.5957901441368,3.4011973816621555,11.813499743587784,0.0693078360529131,0.3211542605541697,-0.602909177102318,135060.0327,135062.3799,0.999982621363538,32566,547.7307485672819,0.0039460785648099,3566.6827460100003,2.640812884987551,634.28114359785,1.1580163159672174,0.0056781770010658,7.744751428845812,1.0,15140.42783739,11.210146728618405,708.9472009401277,1.2943352236377914,-0.003938687770362,0.2551000664290743,0.9999250242606614,34236,34236,1.0,km2,channel km; reach midpoint to receiving outlet,gross_area_mismatch,mapping_discrepancy_excluded,False
06770500,22,12,True,5.525000095367432,6.270454553040591,0.5473166668474151,4.025000333786011,0.1363636363636363,0.4438535937734648,7.0,,22,1994.0,2,1503.333251953125,17.125,1.0,1.0,145679.14901139255,1.5137702581655434,0.5497328507736287,0.0427834441138137,1.6112240296845255,80723.00419335852,0.5541150174280997,1491.8685682845166,0.0184813311049597,2.120363939995625,0.4192137845978336,0.0411731210200968,0.0,-190563.0346904905,1987174.337072226,38889,13445,0.0922918625708649,8.0,0.1894387001477103,0.4407245667541068,1042,2361,7268297,primary_and_secondary_downstream_links,102001011107,145679.1111,3.0,classified,40.874117,-98.282192,2.77,10.43,15.66,3.63,441.0733499463686,7.392025190011964,10,1020,7.316105057061699,3.1354942159291497,11.889168737268845,0.4146033985639358,0.476994157024698,-0.590383001097284,145676.76390000002,145679.11109999998,0.9999838878753292,36676,748.8283077693709,0.0024279040152401,4032.16271631,2.7678832288434707,795.1566668322928,1.0618677987760987,0.0150750298109487,8.26145078726155,1.0,15190.11175491,10.427271548492984,950.3484284962104,1.269113919220192,-0.0024185848533877,0.1204057067240533,0.9999312881675458,38889,38889,1.0,km2,channel km; reach midpoint to receiving outlet,area_consistent,included_landscape,True
06775900,200,12,True,1.1150000095367432,1.3723500004410745,0.6292922873514559,0.4524999856948852,0.0,0.2678602488372882,5.0,1.1488065137684622,200,2017.0,46,234.7349548339844,12.6,1.0,0.985,1553.266812313663,3.886499949078234,0.3831394181329753,0.1217592272811784,6.460780780159716,155.25154725437216,0.0999516284154155,111.76605545146565,0.7199030053358654,1.374438307089329,0.3214249918934372,0.255665582764501,0.0,-369972.3205893217,2094774.0452673377,15,3,0.0019314131842753,2.0,0.2676298517477825,0.7965096781654247,3,0,17391613,primary_and_secondary_downstream_links,102100020806,1553.2641,2.0,classified,41.778586,-100.525147,4.78,0.71,0.28,0.25,545.3741977833084,9.10148652532501,10,1021,5.462708101169497,5.303304908059076,7.348759210085419,1.3575089965859204,1.8657501742928833,-2.303068925868141,1553.2641,1553.2641,1.0,15,75.66606214651455,0.1713145240400521,74.22328160999999,4.77853583366795,90.98671765259306,1.2024772410702786,-0.1587667300083406,21.402839727665075,1.0,11.01845205,0.7093740240310711,48.00144963496074,0.6343854599174732,0.3913827660933653,17.636430535389657,1.0,15,15,1.0,km2,channel km; reach midpoint to receiving outlet,area_consistent,included_landscape,True
06791150,20,12,True,5.650000095367432,6.274999988079071,0.4927595901625676,4.025000154972076,0.1,0.4631080049874396,2.0,,0,1994.0,2,,18.0,0.0,1.0,29188.043432268747,2.598779723837965,0.5480976872715299,0.062885195945868,2.0778617461908504,14732.644168491535,0.504749288957269,384.5417379051818,0.0261013388708318,1.85451004385354,0.0611382327786406,0.2102615184333316,0.0,-186985.78191598755,2031997.6336364085,8423,3502,0.1199806354998216,6.0,0.1524473875289496,0.4211257285224832,177,315,17307580,primary_and_secondary_downstream_links,10210009,29188.0485,1.0,classified,41.2763611,-98.2521111,3.42,0.92,13.0,1.4900000000000002,619.0092836413203,9.293744810678731,10,1021,,3.044522437723423,10.281548692919584,0.9550419978689618,0.7313393583129764,-0.6836934304929679,29188.048499999997,29188.048499999997,1.0,8071,228.70587271561163,0.0342055550579203,999.70977636,3.4250654899384596,253.48505913060325,1.1083452126557491,0.0090185984432446,5.565276067287561,1.0,270.67652838,0.927353976337267,173.84678903410557,0.7601325972520104,0.0498181956016528,2.48690838987321,1.0,8423,8423,1.0,km2,channel km; reach midpoint to receiving outlet,area_consistent,included_landscape,True
06795500,18,12,True,5.434999942779541,6.676111102104187,0.560425302944036,4.462500095367432,0.2222222222222222,0.947083886718633,5.0,,18,1994.0,10,52.66128921508789,16.707142,1.0,1.0,34076.83462232401,2.888540908310315,0.4948033338030965,0.0511976359324227,1.986008873556572,18253.68674405407,0.5356626267187368,488.5635370669496,0.0267651978429011,1.696939574284683,0.2217284052786356,0.1977114631956064,0.0,-104291.02509206948,2058133.7004706028,10189,4246,0.1246007748976312,6.0,0.1454497706530166,0.4747677603517076,215,359,17421926,primary_and_secondary_downstream_links,102002010207,34076.8305,1.0,classified,41.525964,-97.281597,3.42,1.01,17.18,1.65,628.9255088827387,9.313049774844652,10,1020,3.9826918703348064,2.9444389791664403,10.436402440847276,1.0607514986143385,0.6861270336676678,-0.624250743847702,34076.830500000004,34076.8305,1.0000000000000002,9797,306.67796925193346,0.0055160499741899,1163.8274949,3.4153044101328605,333.23146621912286,1.0865842989372867,-0.0010722190519411,5.358803580585868,1.0,339.96552696,0.9976442115413284,242.68241620755367,0.791326539690864,0.0059843358589301,2.556948453949281,1.0,10189,10189,1.0,km2,channel km; reach midpoint to receiving outlet,gross_area_mismatch,mapping_discrepancy_excluded,False
06800000,215,12,True,3.700000047683716,5.163976730856785,0.9005402686111805,2.230000138282776,0.0790697674418604,0.3276852057290478,5.0,0.1085784570485089,215,2017.0,33,74.88571166992188,12.3,1.0,1.0,962.131571947774,1.778745200178806,0.5310721731185732,0.2235545870779429,1.5640008056581869,835.7012431369926,0.8685935141335908,108.99658882193586,0.1304253041586879,1.6041239116922923,0.3900535363721218,0.1338148401968243,0.0,-41501.128936301335,2060165.809337302,382,185,0.1922813941397633,5.0,0.111795745796598,0.658201933419533,54,0,17262269,primary_and_secondary_downstream_links,102200030604,962.1207,3.0,classified,41.561244,-96.541017,0.38,1.13,87.00999999999999,4.41,746.0527134444708,9.525388598018678,10,1022,4.329228414636754,5.375278407684165,6.870190029617899,0.5759081719945631,0.4472471572497046,-0.1408800259440732,962.1207,962.1207,1.0,382,65.63116503527054,0.204326754429044,3.63492405,0.3778033307047651,50.05174314555211,0.7626215856240558,0.2712435535667997,1.1362954307666926,1.0,10.91795076,1.1347797381347269,63.5967826710706,0.969002799765833,0.0660781461697199,1.9366114191214563,1.0,382,382,1.0,km2,channel km; reach midpoint to receiving outlet,area_consistent,included_landscape,True
06800500,227,12,True,4.190000057220459,5.229875180689774,0.767642801797957,3.0700000524520874,0.0704845814977973,0.4993246498017565,6.0,0.2484778926564149,227,2016.0,48,1483.225830078125,13.4,1.0,1.0,17445.71968183224,2.8768771306211605,0.472606752314572,0.1302867337314364,2.4810551636417015,10366.987947578633,0.5942424925223743,504.7011652139129,0.0486834910743571,1.6894769137073449,0.929006154690942,0.1253671653976162,0.0,-23715.82953053021,2023176.8788207448,4526,1865,0.1069030131180078,6.0,0.1011516665651087,0.4883615121886024,204,78,24750511,primary_and_secondary_downstream_links,102200031006,17445.7008,1.0,classified,41.293333,-96.283889,4.38,1.02,62.62,4.24,719.8332821389175,9.276281995175871,10,1022,7.302648588752152,5.429345628954441,9.76690692611024,1.056705376191714,0.908683938900895,-0.5204678063557153,17445.7008,17445.7008,1.0,4340,243.15992845465408,0.0241926480820994,764.41404906,4.381675794073002,355.2043100636082,1.460784728474901,-0.005008746899183,3.12014354640812,1.0,178.26806691000002,1.0218452612118627,194.63392137554425,0.8004358391306268,0.036812985503923,1.269520470964212,1.0,4526,4526,1.0,km2,channel km; reach midpoint to receiving outlet,area_consistent,included_landscape,True
06801000,22,12,True,2.909999966621399,3.138409072702581,0.3582308272021303,1.513749897480011,0.0,0.5822549736633139,6.0,,22,2003.0,2,3652.547607421875,15.3,1.0,1.0,206394.57035025852,1.9242019767676393,0.5214907112575657,0.0306987961274015,2.780367968602488,117387.28045376808,0.5687517857400896,1736.7398544796863,0.0147949577481155,2.0025931062965676,0.5247166737654383,0.0315997792027074,0.0,-27064.54395291439,2005896.4957072756,58460,21387,0.1036219119703853,8.0,0.1692740494146751,0.4639240256550399,1192,3253,17415862,primary_and_secondary_downstream_links,102002020105,206394.4512,3.0,classified,41.062256,-96.324514,3.0700000000000003,7.67,21.83,3.44,507.38697169336945,7.984707040586327,10,1020,8.203453921780527,3.1354942159291497,12.237549850877938,0.6545113242637175,1.022583281750013,-0.5643111689591112,206392.104,206394.4512,0.9999886276012444,55440,796.1210629885649,0.002612428428948,6330.372005249999,3.0671580368452465,795.3169938112939,0.998990016450196,0.002907973670805,7.332879778898398,1.0,15822.62499699,7.666293763345713,1147.341417610465,1.4411645049352813,-0.0016088576451482,0.5848499223324533,0.9999522621953788,58460,58460,1.0,km2,channel km; reach midpoint to receiving outlet,area_consistent,included_landscape,True
06810000,130,12,True,2.430000066757202,3.363538461465102,0.7170504689852422,1.8399999141693115,0.0461538461538461,0.3135749843534079,4.0,0.0234357138779337,130,2008.0,37,1153.46337890625,13.05,1.0,1.0,7308.513348228684,2.343205066894037,0.5615344443211023,0.3297888521905501,2.6715431464154036,6312.769075142246,0.863755564826632,205.75058849658313,0.0325927633416476,1.2032727363931366,0.3244641414768046,0.0920914718071449,0.0,30381.328710104543,1951857.4596307904,3622,1543,0.2111236480636608,6.0,0.0598074469319104,0.5246841344513499,162,7,659674,primary_and_secondary_downstream_links,10240004,7308.5256,1.0,classified,40.60119444,-95.6445,1.01,1.4400000000000002,91.23,5.18,878.1710205245726,9.756308688598176,10,1024,7.0513909079850405,4.875197323201151,8.896931977097987,0.851519678911277,0.9826562629180234,-0.1464654612852577,7308.5256,7308.5256,1.0,3589,114.26481427764308,0.1467550855948291,73.82592324000001,1.0101342908342554,63.372177975909786,0.5546079812629523,0.3511467380031442,1.94841022282001,1.0,105.58621944,1.4446993171919655,82.20680156863854,0.7194410815641875,0.1511961824480339,2.1776243495369285,1.0,3622,3622,1.0,km2,channel km; reach midpoint to receiving outlet,area_consistent,included_landscape,True
06856600,22,7,True,6.6000001430511475,7.304545481096614,0.5030316207510126,4.0249998569488525,0.2272727272727272,0.4869905638300283,7.0,,22,1980.0,14,445.725830078125,10.733334,1.0,1.0,57348.42607452812,2.6391726685650347,0.4695354059063389,0.069493287516212,3.274066794768381,39113.12547349968,0.6820261365616128,870.2503346576716,0.0222495728511211,1.6321539623164445,0.94126938646291,0.2664999806159542,0.0,-94521.85959281155,1815438.244093889,18251,7729,0.134772661240182,7.0,0.1050658039850011,0.4287685632925931,706,433,5926514,primary_and_secondary_downstream_links,10250017,57348.5184,1.0,classified,39.3555515,-97.1275203,0.84,0.65,51.120000000000005,3.12,541.6145924958362,10.61351730647003,10,1025,6.101945050904193,3.1354942159291497,10.956918115088577,0.9704654849241686,1.186032880319447,-0.3826872984688735,57348.5184,57348.5184,1.0,17746,564.6425169211353,0.0126714014637909,483.73903323,0.8435074640568221,492.8424721267008,0.8728398187477212,-0.0074359925428079,2.9571343306428446,1.0,369.98686854,0.6451550604313432,212.60718049519969,0.3765341328784401,0.0841808490536512,2.3913938433939843,1.0,18251,18251,1.0,km2,channel km; reach midpoint to receiving outlet,area_consistent,included_landscape,True
06877600,20,7,True,6.3500001430511475,7.845000028610229,0.4293190006735709,3.5000001192092896,0.25,0.2035312673876824,7.0,,20,1980.0,14,690.0581665039062,15.0,1.0,1.0,49310.34857713228,2.811312281399067,0.5067985980027839,0.1544714826961285,2.7001068482109885,50801.78974423806,1.030246007382666,828.9176417781548,0.0163167015562118,1.7665476918807554,0.30201015470031,0.2221990836817199,0.0,-95785.898190722,1765152.7474734765,24842,10304,0.2089622218728035,7.0,0.1246065703720806,0.5125969389516027,468,150,18887262,primary_and_secondary_downstream_links,10260008,49310.316,1.0,classified,38.90638906,-97.1177952,0.49,1.24,50.400000000000006,3.68,620.329312390238,11.947937057396569,10,1026,6.5382239975099194,3.044522437723423,10.805909527802466,1.0336513783898056,0.9932913456387538,0.0297976158423995,49310.316000000006,49310.316000000006,1.0,24593,467.51959002464713,0.0174797642748831,242.03804454,0.490846670988683,478.5568180479287,1.0236080546329611,0.0010171629272374,1.236007995437747,1.0,608.7059558999999,1.2344393734974235,256.2694113704691,0.5481468944583879,0.039774980831842,3.449013519676689,1.0,24842,24842,1.0,km2,channel km; reach midpoint to receiving outlet,area_consistent,included_landscape,True
06879100,36,12,True,5.25,5.412499970859951,0.2738958218057113,1.149999976158142,0.0277777777777777,0.0256850229029595,8.0,0.0622590371386135,36,1988.0,3,719.3822631835938,17.0,1.0,1.0,109578.08800652958,2.1178012489509586,0.6272276621624155,0.0973445531488014,2.258893924244764,93134.74709556148,0.8499395161011729,901.0024465364992,0.009674181491168,1.8054832483248489,0.4853297649324538,0.2316145234062469,0.0,-65419.18936587225,1783997.6264096175,44954,18773,0.1713207479845911,8.0,0.1172354358473275,0.5180936537157298,501,592,18841770,primary_and_secondary_downstream_links,10270101,109578.159,1.0,classified,39.06166457,-96.7663963,0.67,1.07,50.510000000000005,3.45,584.8528013656563,11.271338845950794,10,1027,6.57978199220969,3.610917912644224,11.60440183243074,0.7503784037538479,0.8148752794310583,-0.1625900895576238,109578.159,109578.159,1.0000000000000002,44167,574.0227841156487,0.0073680257760125,740.34463392,0.6756315680755323,545.190918836253,0.949772263266841,0.0046494454426164,1.9177864403037144,1.0,1163.3767929,1.061686748086359,268.8441144639359,0.4683509468672444,0.0687646718250932,3.3610012161504006,1.0,44954,44954,1.0,km2,channel km; reach midpoint to receiving outlet,area_consistent,included_landscape,True
06879650,20,11,True,1.550000011920929,2.0611249804496765,0.6317655930759827,0.9249999523162842,0.0,0.3379577895641772,5.0,,20,1988.0,22,1.1240860223770142,12.5,1.0,1.0,12.49214739898974,1.1159011901745932,0.8667392927712868,0.5283093144150384,1.555343639229915,11.4722362688385,0.9183558200543068,5.324477822756716,0.4641185639821023,1.2822340790994613,0.4088882834722567,0.3092113226772123,0.0,-51601.62054299742,1786695.9640095085,5,2,0.1601005764758862,2.0,0.4072986907308841,0.2529383457259709,2,0,18841318,primary_and_secondary_downstream_links,10270101,12.4974,2.0,classified,39.102075,-96.5946889,0.03,9.92,0.0,0.0,874.7596963790869,12.653735314878292,10,1027,0.7533416027370843,3.044522437723423,2.6021078420574373,0.1096623207692088,0.4416965110750017,-0.085170359915499,12.4974,12.4974,1.0,5,3.135008497767536,1.0,0.00370575,0.0296521676508713,2.8065081967213112,0.8952154990073703,0.0,0.1145788819118108,1.0,1.24028415,9.924337462192137,2.612389322966838,0.8332957709132657,0.0,19.447987610694156,1.0,5,5,1.0,km2,channel km; reach midpoint to receiving outlet,area_consistent,included_landscape,True
06880800,43,12,True,4.199999809265137,5.601453498352406,0.9714927946852476,3.024999976158142,0.0930232558139534,0.3479633962305257,6.0,0.3403273512342614,43,1989.0,4,84.96774291992188,11.5,1.0,1.0,3135.464222621493,2.9754913740697497,0.5347972043075604,0.2611308978902727,3.2443832629663634,2545.0975437229927,0.8117131509142504,255.52649502937615,0.1003994898582903,2.35952010238583,0.3756525281727353,0.1260676813958672,0.0,-97990.37103684808,1968991.5532073595,970,463,0.1476655343918725,5.0,0.0449202350965574,0.4105585219050208,132,8,18799565,primary_and_secondary_downstream_links,102702030608,3135.4884,1.0,classified,40.73151667,-97.17776667,1.09,1.18,85.34,5.96,720.5628257882939,10.5110509707414,10,1027,4.453972143566047,3.784189633918261,8.050851400687584,1.090409193113439,1.1769252744553276,-0.2086082636532008,3135.4884,3135.4884,1.0,966,127.7304845238464,0.1213984079800773,34.18028451,1.0901103799331548,126.46271284711972,0.990074635029745,-0.0386288090561039,-0.2021996447635777,1.0,37.05170643,1.181688518764732,87.23228293925109,0.6829402022894967,0.1719869863076858,4.780512268292842,1.0,970,970,1.0,km2,channel km; reach midpoint to receiving outlet,area_consistent,included_landscape,True
06882000,35,12,True,5.699999809265137,5.829285669326782,0.3881387939401464,2.2249999046325684,0.0571428571428571,0.4053844734355475,7.0,0.1582118084556925,35,1988.0,3,401.0967712402344,14.25,1.0,1.0,11526.568333519124,1.6334776629564765,0.6300188073842419,0.2575455404205636,1.700093970404605,9802.599904257611,0.8504352397540357,431.07601118618726,0.0439756814923106,2.490144300110952,0.933563016746119,0.1153908625656122,0.0,-49736.05677381745,1890198.2849894755,4153,1767,0.1532980110707872,7.0,0.0798124942553387,0.4841477573699196,213,36,2275923,primary_and_secondary_downstream_links,10270202,11526.5403,3.0,classified,40.04463611,-96.58738611,0.54,2.4099999999999997,82.52,5.35,749.7482751087875,10.64480004960713,10,1027,5.9966927841277275,3.58351893845611,9.35249669193309,0.4907112776199017,0.5306835262430606,-0.1620070137795339,11526.5403,11526.5403,1.0000000000000002,4120,215.1848809992015,0.0731180977174911,63.264574710000005,0.5488600487520093,267.8573981610464,1.2447779644985388,-0.0639685279518936,0.16028326024331,1.0,277.4813976,2.4073259657973867,138.96818430735613,0.6458083098685348,0.1294027727842797,7.456008541800593,1.0,4153,4153,1.0,km2,channel km; reach midpoint to receiving outlet,area_consistent,included_landscape,True
06885500,35,12,True,4.900000095367432,5.7328571489879065,0.5384954178224155,1.6000001430511477,0.1142857142857142,0.2059686977803827,3.0,0.0684853309669351,35,1988.0,3,29.266666412353516,13.0,1.0,1.0,1074.8316968794636,1.342994232296551,0.7931145201450426,0.3620152659338764,1.299715639669396,537.6171823140047,0.5001873166513953,62.06919378914455,0.1154523996461332,2.0419843259569315,0.3025082876686728,0.1282447682485575,0.0,-38620.54564820455,1850265.097015645,148,45,0.0418670198605489,4.0,0.17668967415885,0.37645061761093,15,2,2277053,primary_and_secondary_downstream_links,10270205,1074.834,3.0,classified,39.68194349,-96.4427888,0.09,5.92,68.55,4.36,858.9874001662523,11.433242767637871,10,1027,3.410046988536721,3.58351893845611,6.980849312948012,0.2949016228904421,0.2621455018248397,-0.6927726174146889,1074.834,1074.8339999999998,1.0000000000000002,144,33.967666094903954,0.8867692127342454,1.01051865,0.0940162527422839,19.708184521621643,0.5802042585604194,0.0771262680666288,0.2699309628689402,1.0,63.620479800000005,5.919098186324586,28.344574028443745,0.8344575087746808,0.0657817361191772,17.061754836877967,1.0,148,148,1.0,km2,channel km; reach midpoint to receiving outlet,area_consistent,included_landscape,True
06887000,59,12,True,4.900000095367432,6.127076247991142,0.8396034657634969,1.750000238418579,0.0677966101694915,0.0377756662823552,3.0,0.0554439206497241,59,1988.0,49,925.1613159179688,16.5,1.0,1.0,27022.188554067165,2.4985257848964033,0.4083262018317353,0.0905094299572105,1.97017993965822,23361.630019561944,0.8645350828197718,693.0421514260685,0.0296658302886291,1.7096530284370866,0.8762291374344893,0.1354455245912415,0.0,-48334.0345380502,1801951.1626346624,10128,4262,0.1577222359866376,8.0,0.0955624669826412,0.4191100554079297,326,111,2279137,primary_and_secondary_downstream_links,10270205,164342.9097,1.0,classified,39.2372186,-96.5713918,2.3200000000000003,9.81,23.15,3.81,483.4465571453306,7.841490316553034,10,1027,6.8310484267286835,4.0943445622221,10.204450611734243,0.915700871899522,0.6781248785066903,-0.1455633930514674,27022.077,27022.077,1.0,9925,314.4722550877065,0.0195917804541819,162.88363728000002,0.6027798576697121,410.0221764126301,1.3038421348117806,-0.0128422947577756,0.5093437763961747,1.0,977.79748248,3.6185134195273,208.5996277562824,0.663332374737173,0.0724548068224844,7.6407915310628445,1.0,10128,10128,1.0,km2,channel km; reach midpoint to receiving outlet,area_consistent,included_landscape,True
06888500,35,12,True,2.9000000953674316,3.09714287178857,0.3794911887181502,1.5500000715255735,0.0,0.2031036525798848,7.0,0.0204124181953674,35,1988.0,3,34.29999923706055,16.5,1.0,1.0,842.7427768116382,1.0658478231845456,0.8764885700927826,0.420174841894416,1.1018682464329903,912.7878557829482,1.0831156088175713,64.67397169327204,0.0708532341699459,1.589092288667019,0.0545696405847851,0.1077651533777589,0.0,-12518.132537826245,1781808.2853583402,485,226,0.2681719810818543,5.0,0.1423688443292748,0.5341070427617036,38,0,3643688,primary_and_secondary_downstream_links,10270102,842.7501,3.0,classified,39.06472106,-96.1691605,0.08,6.459999999999999,13.37,3.14,913.4620262660892,12.366833205052526,10,1027,3.5638829423262353,3.58351893845611,6.73784768133426,0.0637705605668349,0.0970071449922718,0.0798417109989701,842.7501000000001,842.7501,1.0000000000000002,484,39.05940071914556,0.7688183009411688,0.6516069299999999,0.077319116307432,14.832227112363585,0.3797351428664737,0.2153712318497118,0.2056061494265783,1.0,54.41859045,6.457263007147669,36.521473182601426,0.9350238997573732,0.0914067143137055,10.42063956618031,1.0,485,485,1.0,km2,channel km; reach midpoint to receiving outlet,area_consistent,included_landscape,True
06889000,35,12,True,4.400000095367432,4.957142863954816,0.3152690300987781,0.9500000476837158,0.0285714285714285,0.2766433529684253,8.0,0.1010472289266736,35,1988.0,3,2103.333251953125,14.333333,1.0,1.0,142280.51433015108,2.139091568471272,0.6122073909067575,0.0838684887449515,2.073115902476061,122546.57297877855,0.8613025722863118,815.0106061466623,0.0066506193224007,1.6866114615806471,0.6535124426609035,0.204301689760289,0.0,31978.81462983968,1784529.6252467865,58240,24412,0.1715765515392629,8.0,0.115126524282794,0.4505208467669239,375,714,3646844,primary_and_secondary_downstream_links,10270102,279601.2954,1.0,classified,39.0666666,-95.6497028,1.64,6.38,34.05,3.72,531.524416824909,9.278535319689748,10,1027,7.651753951026836,3.58351893845611,11.865562869315784,0.7603812381934664,0.7290527423953207,-0.1493094166753746,142280.4627,142280.4627,1.0,57225,639.315152407799,0.0033786957877246,931.57881795,0.6547482347694109,642.5930594907855,1.005127216319903,0.0017558217408359,1.5940496149656012,1.0,2687.43671946,1.8888304609512632,321.63094985535105,0.5030866993282098,0.0134137207157857,4.705721979137327,1.0,58240,58240,1.0,km2,channel km; reach midpoint to receiving outlet,area_consistent,included_landscape,True
06890100,41,12,True,4.900000095367432,5.580487803715031,0.3111126822085333,1.5999999046325684,0.024390243902439,0.0775957973279717,7.0,0.0758729451121253,41,1989.0,4,25.774192810058594,11.0,1.0,1.0,1131.922114001916,1.8444905721009792,0.6841497467040067,0.3377082256208794,2.40222515357647,1122.555089296763,0.991724673818735,74.87551880189092,0.0667009748704604,1.4611628222389943,0.0244377761616776,0.1081589873896338,0.0,39678.4661646659,1833207.46276179,723,276,0.2438330310768474,5.0,0.0967962479902905,0.4425238779528745,51,5,745717,primary_and_secondary_downstream_links,10270103,1131.9237,1.0,classified,39.5213873,-95.532756,0.21,9.579999999999998,79.6,4.68,919.1176922323716,11.837298167405466,10,1027,3.287438468729372,3.737669618283368,7.032555515507025,0.6122031266839695,0.8763954551418239,-0.0083097567741317,1131.9237,1131.9237,1.0,719,36.21883679323968,0.7199578911546777,2.42064567,0.2138523709681138,22.0116087601929,0.6077392514245905,0.1923777544005845,0.5188818776637025,1.0,108.46961487,9.582767360556192,33.93465280358343,0.9369338114667836,0.0573026096873681,14.57154742093413,1.0,723,723,1.0,km2,channel km; reach midpoint to receiving outlet,area_consistent,included_landscape,True
06890900,32,12,True,4.5,4.6625000461936,0.138349231853681,0.6249998807907104,0.0,0.0150143608388684,10.0,0.0327956215171362,32,1988.5,3,38.06451416015625,12.875,1.0,1.0,2990.773541388817,1.9908158793608797,0.6231957883783872,0.3043532156396363,2.228888714998559,2865.773709329175,0.9582048489028706,147.96322611732842,0.0516311618170172,1.440117738986521,0.04041409933237,0.0835728746607429,0.0,51648.45079191201,1781736.1741000912,1708,686,0.2293720973877026,5.0,0.0828477686084998,0.5093265161192803,99,8,748073,primary_and_secondary_downstream_links,10270103,2990.7738,1.0,classified,39.07500017,-95.4038634,0.62,14.83,73.08,5.05,937.726089504328,12.146582574080217,10,1027,3.66521448866732,3.49650756146648,8.003621648191388,0.6885445443422009,0.8015031271809684,-0.042693694117125,2990.7738,2990.7738,1.0,1700,80.01351395842774,0.2121479397739809,18.599113170000003,0.6218829779102654,44.932844797226686,0.561565697771657,0.5155099477983005,1.1777416576960869,1.0,443.5379757,14.830208011719243,66.31508083306822,0.828798506056405,0.159533396891325,15.54354550257882,1.0,1708,1708,1.0,km2,channel km; reach midpoint to receiving outlet,area_consistent,included_landscape,True
06892350,190,12,True,4.806666851043701,5.059473686469229,0.234789861169044,1.0050002336502075,0.0157894736842105,0.0710533148058303,7.0,0.0499270564899267,190,2016.0,49,3022.402099609375,16.1,1.0,1.0,150115.24972547803,2.323940857581133,0.5788187168140897,0.0803832260638886,2.2907520265188492,130099.24758740694,0.8666624331993239,896.243270730642,0.0068889197082289,1.662056479382692,0.6525955345922447,0.1988395311178472,0.0,89602.81586917267,1773413.619834215,62642,26158,0.174252782764151,8.0,0.1140350877192983,0.4547831246300641,417,741,3730399,primary_and_secondary_downstream_links,10270104,287436.0564,1.0,classified,38.9833375,-94.9646893,1.62,6.680000000000001,34.94,3.84,543.1589028555334,9.36438572098702,10,1027,8.014137999367424,5.25227342804663,11.919165271092234,0.8432643901207216,0.8288801595157896,-0.1431057284226147,150115.22370000003,150115.2237,1.0000000000000002,61595,688.2741558305873,0.0074037487511667,974.12441283,0.6489178038176548,695.3663681275264,1.01030434200799,0.0051558870806221,1.559138022902275,1.0,4062.576513599999,2.706305472201084,297.1991264762898,0.4318034085089819,0.0517983087448217,5.500014726346068,1.0,62642,62642,1.0,km2,channel km; reach midpoint to receiving outlet,area_consistent,included_landscape,True
06893150,47,11,True,5.519999980926514,5.474326194600856,0.1995973799942288,1.2150001525878906,0.0,0.0589199906222896,4.0,0.0288425120602185,43,2006.0,9,58.89666748046875,15.4,0.9148936170212766,0.8723404255319149,244.39483824950776,1.5986007156836497,0.7381361446712685,0.5015792094679709,1.8475085496947423,218.9413702024668,0.8958510407611188,38.73070206443643,0.1768998797651631,1.7452522091573217,0.8724928737753115,0.1661160416564179,0.0,122188.63918416192,1764273.630827616,142,52,0.2127704511783187,4.0,0.1321853402805752,0.4870957468512215,26,2,4393139,primary_and_secondary_downstream_links,10300101,244.4004,3.0,classified,38.88941667,-94.5806667,0.42,13.84,48.19,35.81,1057.1349380237575,12.884111392523216,10,1030,4.09262086885702,3.871201010907891,5.502868498027507,0.4691286939036947,0.613838001539792,-0.1099811289786655,244.4004,244.4004,1.0,140,21.514274287808043,1.0,1.0198284299999998,0.4172777254047046,7.381899617276803,0.3431163663029091,0.0,1.473278734704481,1.0,33.8112153,13.834353503513086,18.442908247560684,0.8572405464781178,0.0,18.40066440664878,1.0,142,142,1.0,km2,channel km; reach midpoint to receiving outlet,area_consistent,included_landscape,True
06893350,17,10,True,5.599999904632568,5.629558829700246,0.283129755823654,2.7850003242492676,0.0,0.3442990623152473,9.0,,16,2012.0,2,17.214256286621094,16.74,0.9411764705882352,1.0,56.251479600819025,2.302334218051719,0.6391100339832251,0.5359583521720234,2.8194314293540206,48.80275003868129,0.8675816242524351,16.22533882455612,0.3324677156860184,1.361804135435973,0.5246629862141451,0.2429398581752622,0.0,117473.2039113176,1766154.7276638823,37,12,0.2133277219578288,3.0,0.0756169306528125,0.2746468564875667,10,0,4392931,primary_and_secondary_downstream_links,10300101,56.2536,1.0,classified,38.9061111,-94.64,0.0,3.34,7.39,88.85,1047.8140076944885,12.9022224814748,10,1030,2.9022045999053736,2.8903717578961645,4.047453486656175,0.8339234857089806,1.0365352438253703,-0.1420456802301629,56.253600000000006,56.253600000000006,1.0,36,8.445904870088315,1.0,0.0,0.0,,,,0.0,1.0,1.87414578,3.331601497504159,9.11173514613682,1.07883468808731,0.0,9.825534619916777,1.0,37,37,1.0,km2,channel km; reach midpoint to receiving outlet,area_consistent,included_landscape,True
06893390,25,10,True,6.099999904632568,6.445999975204468,0.3618601575555751,1.8449997901916504,0.04,0.3813527241180806,11.0,-0.1493152806298175,25,2011.0,11,121.19677734375,17.5,1.0,1.0,173.96603671802956,1.5544699747006536,0.6977353820569367,0.4716811909615496,1.8244365504233304,139.715264953212,0.8031180544721356,35.03723745230419,0.2507760155201187,1.5021866963404262,0.1992802889331851,0.1503607348190212,0.0,122074.15125390638,1770423.314303532,86,36,0.2069369440102271,4.0,0.0812672092278369,0.4374302011277865,18,3,4392783,primary_and_secondary_downstream_links,10300101,173.97,3.0,classified,38.9383333,-94.6077778,0.12,2.76,3.5,93.35,1048.5017070764434,12.926602965003047,10,1030,4.8056326744073425,3.258096538021482,5.164591879191376,0.4411346352453169,0.6012711998705398,-0.2192535590640279,173.97,173.97,1.0,84,16.86572086652871,1.0,0.20310354,0.1167463010863942,5.554516394913648,0.3293376214909973,0.0,0.5182559887801829,1.0,4.79299815,2.7550716502845316,15.926960941571611,0.9443391757526276,0.0,9.03963539945137,1.0,86,86,1.0,km2,channel km; reach midpoint to receiving outlet,area_consistent,included_landscape,True
06893400,36,11,True,7.190000057220459,7.428194456630283,0.2430203023357166,1.9875000715255735,0.0555555555555555,0.1019016639247477,1.0,,0,2004.5,19,,16.5,0.0,0.7777777777777778,173.96603671802956,1.5544699747006536,0.6977353820569367,0.4716811909615496,1.8244365504233304,139.715264953212,0.8031180544721356,35.03723745230419,0.2507760155201187,1.5021866963404262,0.1992802889331851,0.1503607348190212,0.0,122074.15125390638,1770423.314303532,86,36,0.2069369440102271,4.0,0.0812672092278369,0.4374302011277865,18,3,4392783,primary_and_secondary_downstream_links,10300101,173.97,3.0,classified,38.9419722,-94.6045,0.12,2.76,3.5,93.35,1048.5017070764434,12.926602965003047,10,1030,,3.610917912644224,5.164591879191376,0.4411346352453169,0.6012711998705398,-0.2192535590640279,173.97,173.97,1.0,84,16.86572086652871,1.0,0.20310354,0.1167463010863942,5.554516394913648,0.3293376214909973,0.0,0.5182559887801829,1.0,4.79299815,2.7550716502845316,15.926960941571611,0.9443391757526276,0.0,9.03963539945137,1.0,86,86,1.0,km2,channel km; reach midpoint to receiving outlet,area_consistent,included_landscape,True
06893557,49,11,True,5.730000019073486,6.024897969498927,0.4623643592165614,2.8199996948242188,0.0204081632653061,0.1856499904803068,4.0,0.0062358314324031,49,2006.0,9,8.910322189331055,15.3,1.0,0.7346938775510204,61.55604434480018,2.2191676034026684,0.6226290218716922,0.4710399600402257,3.2644112701226664,20.54081518722547,0.3336929038547067,13.245590890666,0.644842513305098,1.2506034865282067,0.0842511131913721,0.1892857624383061,0.0,124905.26059855448,1780056.85927995,8,3,0.0487360750992346,2.0,0.2836731417563012,0.5724275644986351,3,0,4390865,primary_and_secondary_downstream_links,10300101,61.5474,2.0,classified,39.0330833,-94.6053889,0.0,0.0,0.03,99.96999999999998,1054.545344722604,12.93659213358582,10,1030,2.293576859350346,3.912023005428146,4.136062864455363,0.7971321721493557,1.1830794310401078,-1.0975341584952445,61.5474,61.5474,1.0,8,7.0035784882870775,1.0,0.0,0.0,,,,0.0,1.0,0.0,0.0,,,,0.0,1.0,8,8,1.0,km2,channel km; reach midpoint to receiving outlet,area_consistent,included_landscape,True
06893562,47,11,True,6.019999980926514,6.247021289581948,0.2932847771842374,2.004999876022339,0.0425531914893617,0.1581100383092061,4.0,,0,2006.0,18,,16.9,0.0,0.9574468085106383,61.55604434480018,2.2191676034026684,0.6226290218716922,0.4710399600402257,3.2644112701226664,20.54081518722547,0.3336929038547067,13.245590890666,0.644842513305098,1.2506034865282067,0.0842511131913721,0.1892857624383061,0.0,124905.26059855448,1780056.85927995,8,3,0.0487360750992346,2.0,0.2836731417563012,0.5724275644986351,3,0,4390865,primary_and_secondary_downstream_links,10300101,61.5474,2.0,classified,39.03925,-94.5787222,0.0,0.0,0.03,99.96999999999998,1054.545344722604,12.93659213358582,10,1030,,3.871201010907891,4.136062864455363,0.7971321721493557,1.1830794310401078,-1.0975341584952445,61.5474,61.5474,1.0,8,7.0035784882870775,1.0,0.0,0.0,,,,0.0,1.0,0.0,0.0,,,,0.0,1.0,8,8,1.0,km2,channel km; reach midpoint to receiving outlet,area_consistent,included_landscape,True
06893564,9,6,False,7.909999847412109,8.744629595014784,0.3401190907796188,3.109999656677246,0.2222222222222222,,,,1,2003.0,39,46.18260955810547,25.9,0.1111111111111111,1.0,78.20521404594385,1.755786538695904,0.6951981832714661,0.4842099652788544,2.985082211613608,28.069003969986028,0.3589147387729941,15.338474568905534,0.5464559620749938,1.2256255081482428,0.2517408819516575,0.3610283141423889,0.0,126870.4631148932,1780249.364423439,11,4,0.0511474848422521,2.0,0.2335083128382886,0.490132130486882,4,0,4390783,primary_and_secondary_downstream_links,10300101,78.1965,2.0,classified,39.03648318,-94.531346,0.03,0.25,0.08,99.51,1054.671189827405,12.961989080380684,10,1030,3.854025383134678,2.302585092994046,4.3720421305668555,0.5629169267166585,1.0936272880444011,-1.0246704151546624,78.19649999999999,78.19649999999999,1.0,11,8.068679202393971,1.0,0.02519946,0.0322258157334407,1.0465,0.1296990466158952,0.0,0.2308738373351081,1.0,0.19621602,0.2509268573401623,1.0465,0.1296990466158952,0.0,0.4787058738477787,1.0,11,11,1.0,km2,channel km; reach midpoint to receiving outlet,area_consistent,included_landscape,False
06893578,36,11,True,5.330000162124634,5.591666691833073,0.2028507061864713,1.338750243186951,0.0,0.1328281932782746,5.0,0.035960553727844,36,2006.5,16,225.94515991210935,17.291668,1.0,0.7777777777777778,672.5408222202145,1.955085039443984,0.6875389689312387,0.4493115157078273,2.1709311312131065,509.6647922043666,0.7578198606916439,72.19129378621365,0.1416446552526747,1.7845330726354751,0.5959913554080633,0.0877986217836208,0.0,128729.13799742704,1785175.122340925,311,120,0.178427830750633,5.0,0.1157326038920849,0.5342417859199456,44,5,4391199,primary_and_secondary_downstream_links,10300101,672.534,1.0,classified,39.0583384,-94.5118983,0.45,10.36,19.77,68.21,1055.7035286704129,12.94575258613312,10,1030,5.424708402004467,3.610917912644224,6.512548606070323,0.67043369092812,0.7751561682433452,-0.2773095723857728,672.534,672.534,1.0,305,38.15426285362525,0.7076639991435377,3.04996194,0.4535030110001873,26.156703964027177,0.6855512859565542,0.2614296446938671,1.6946425835556864,1.0,69.62565195,10.352733385970078,37.81760893786963,0.9911765058324636,-0.0325415959270318,14.322693483006214,1.0,311,311,1.0,km2,channel km; reach midpoint to receiving outlet,area_consistent,included_landscape,True
06893620,54,12,True,2.9250000715255737,3.3471296142648765,0.3429077990067642,1.2885000109672546,0.0,0.2377905946721224,5.0,0.1262119631202826,54,2017.0,6,5.3463335037231445,17.337502,1.0,1.0,25.195367274260708,1.501639430005955,0.7043216351683572,0.3985466964846113,2.6804056478179907,20.12267576377507,0.7986657048786965,11.42495250339066,0.5677650744618123,1.691794462589854,0.948348020102116,0.4412523586727784,0.0,131530.65334214596,1789556.0001137506,9,4,0.158759344781862,2.0,0.281287290887805,0.6000253126348369,4,0,4390605,primary_and_secondary_downstream_links,103001010305,25.2036,2.0,classified,39.111944,-94.472222,0.18,5.22,0.94,93.02,1083.5785762692974,12.763876378261678,10,1030,1.8478772451559735,4.007333185232471,3.2655825735391675,0.4065574646068072,0.9859681441949418,-0.2248128126576646,25.2036,25.2036,1.0,9,7.053249321525497,1.0,0.0457728299999999,0.1816122696757606,3.478,0.4931060623910808,0.0,0.7300844363528285,1.0,1.31715108,5.226043422368233,4.476739565570566,0.6347059860635018,0.0,5.071940832862759,1.0,9,9,1.0,km2,channel km; reach midpoint to receiving outlet,area_consistent,included_landscape,True
06893820,49,12,True,3.990000009536743,4.230547622758515,0.2209712944629867,0.6700000762939453,0.0,0.1259759358259999,6.0,0.0494241108748634,49,2017.0,4,88.85713958740234,16.75,1.0,1.0,257.10288582142397,2.1335712941396867,0.6520525487000026,0.4908507864172618,2.3990982068840094,231.0772654173524,0.8987735189322292,41.35075539106272,0.1789477442377486,1.7037839999481068,0.5057136277198715,0.1115125415196876,0.0,139388.40459043084,1778372.7654474848,127,56,0.2178116352956689,4.0,0.1325952069084326,0.5180151148100356,28,0,4390909,primary_and_secondary_downstream_links,10300101,257.1066,1.0,classified,39.0173611,-94.3872778,0.43,19.53,26.66,50.39,1070.965115258198,12.885825813889705,10,1030,4.498221071256918,3.912023005428146,5.553358287682689,0.757797239604911,0.8750929196115953,-0.1067242017972204,257.10660000000007,257.10660000000007,1.0,127,25.004000635339583,1.0,1.1143611,0.4334237627505477,14.128971023777662,0.5650684156441902,0.0,1.5019190959890438,1.0,50.21143289999999,19.52942199850178,20.764715302975254,0.8304557180992589,0.0,18.934302596792648,1.0,127,127,1.0,km2,channel km; reach midpoint to receiving outlet,area_consistent,included_landscape,True
06893830,49,12,True,3.950000047683716,4.095918373185761,0.2379747887651011,0.9600000381469728,0.0,0.1703783609663254,3.0,0.0609883039365229,29,2017.0,4,6.148064613342285,17.8,0.5918367346938775,1.0,14.43845425327796,2.30550845830991,0.5913172682366865,0.4460511857134777,2.8402106315035147,14.042097667676408,0.9725485444183496,8.228018394325238,0.5859536508754931,1.15041390641084,0.6132699268336921,0.6162392577855652,0.0,141556.8894051889,1780490.3759507835,5,2,0.138518983051523,2.0,0.2413733251826655,0.2471938563528032,2,0,4390805,primary_and_secondary_downstream_links,10300101,14.4315,2.0,classified,39.03777778,-94.3633333,0.41,4.35,1.44,93.22,1091.955716705332,12.734938405874647,10,1030,1.966841636615908,3.912023005428146,2.7368614264553104,0.8353012414108364,1.0438782154453154,-0.0278352875956635,14.4315,14.4315,1.0,5,4.830790427190521,1.0,0.059373,0.4114125350795136,2.403098908594816,0.4974545977131954,0.0,0.671139011312239,1.0,0.62810604,4.3523267851574685,3.9295258475623,0.8134333100944774,0.0,4.0251294004095435,1.0,5,5,1.0,km2,channel km; reach midpoint to receiving outlet,area_consistent,included_landscape,True
06893890,49,12,True,3.75,3.866530627620464,0.1756092487812889,0.6099998950958252,0.0,0.0963238598782428,9.0,-0.02487154673534,49,2017.0,4,25.17466735839844,19.5,1.0,1.0,90.5088262966838,1.8567549914231096,0.6785055991558103,0.4345775711225205,2.2605578265857225,73.74041824833468,0.8147317920864089,23.623028851532144,0.3203538766484503,1.5990216726043835,0.1364872544883989,0.0903314381147029,0.0,142941.56359956646,1780024.0604983924,47,15,0.1657296930448604,3.0,0.2227942227942227,0.5889619761021279,11,0,4390979,primary_and_secondary_downstream_links,10300101,90.4986,1.0,classified,39.02556175,-94.3438385,0.37,22.61,19.950000000000003,47.709999999999994,1077.852522858404,12.77319930739028,10,1030,3.2647920483052064,3.912023005428146,4.51643542988813,0.6188303358216921,0.815611608750574,-0.2048963093676241,90.4986,90.4986,1.0,47,15.828859667442368,1.0,0.34309404,0.3791153012311793,6.486146933913512,0.4097671639135547,0.0,1.1406660848546664,1.0,20.46074319,22.608905762078088,13.003523536786544,0.8215072854258021,0.0,17.495218248191065,1.0,47,47,1.0,km2,channel km; reach midpoint to receiving outlet,area_consistent,included_landscape,True
06893940,36,8,True,3.2450000047683716,3.485277768638399,0.308456561245414,1.3725000619888306,0.0,0.1473283233536656,8.0,,0,2017.0,4,,19.75,0.0,1.0,13.420702192730875,2.2119649293599237,0.5798604392346399,0.3926395103158147,3.687993599173846,13.980031860242688,1.0416766320777735,8.117351927902687,0.5806390149215135,1.2795367044886965,0.8200378606907305,0.5395958076884493,0.0,142296.0488729608,1782891.351613551,5,2,0.1490234990150717,2.0,0.3531893961477229,0.3039434377010749,2,0,4390711,primary_and_secondary_downstream_links,10300101,13.4235,2.0,classified,39.05613595,-94.3449535,0.67,6.07,3.41,89.75,1093.8379179939657,12.692514606838753,10,1030,,3.610917912644224,2.6686648264223045,0.7938812288146558,1.3050825701109123,0.0408315612691562,13.4235,13.4235,1.0,5,4.474461079450218,1.0,0.08984844,0.6693369091518606,1.3055334468244526,0.2917744558825987,0.0,1.6695769706942476,1.0,0.81462411,6.068641635936976,2.773480106346226,0.6198467384338064,0.0,8.81617931700768,1.0,5,5,1.0,km2,channel km; reach midpoint to receiving outlet,area_consistent,included_landscape,True
06893970,50,12,True,3.509999990463257,3.767456679344177,0.2630020972798695,1.211249828338623,0.0,0.0643674986502934,8.0,0.0267637223542474,50,2017.0,4,5.680403232574463,15.25,1.0,1.0,22.115729564715647,1.3550900661206693,0.7964807148545935,0.5603865483141923,1.6082610641721424,16.497613974276973,0.7459674312801307,7.246613807572949,0.4392522348305546,1.1967692844568376,1.0,0.5635473727793505,0.0,142442.21624285114,1785674.6891239632,9,3,0.1356500580829277,2.0,0.3137202815778988,0.3124910880082361,3,0,4390589,primary_and_secondary_downstream_links,10300101,22.1121,2.0,classified,39.08416667,-94.3372222,0.29,17.23,10.6,71.26,1092.7412261756278,12.653481307433758,10,1030,1.8991783498845656,3.9318256327243257,3.1405133193351698,0.303867921584416,0.4751535109197818,-0.2930733375328392,22.112099999999995,22.112099999999995,1.0,9,4.220693679026417,1.0,0.06596046,0.29830029712239,1.9486255884206996,0.4616837270384869,0.0,1.3843290348715829,1.0,3.8104047,17.232215393381907,3.4801012895086973,0.824533016172699,0.0,15.339939302750691,1.0,9,9,1.0,km2,channel km; reach midpoint to receiving outlet,area_consistent,included_landscape,True
06893990,35,8,True,3.299999952316284,3.357142836706979,0.3032431307940991,1.2549999952316284,0.0,0.1441331039783099,12.0,,0,2017.0,4,,18.7,0.0,1.0,21.46961466798145,1.725983076233246,0.6871856767756604,0.5517430664118473,2.109298278483594,17.87731921098394,0.8326800218564309,8.588809685568426,0.4804305155714514,1.460940260078196,0.4137771483608227,0.2889693035069668,0.0,144744.04877952204,1786180.9351838052,7,3,0.139732363453827,2.0,0.3577040593627237,0.3755198082451334,3,0,4390611,primary_and_secondary_downstream_links,10300101,21.4668,2.0,classified,39.08602778,-94.3088333,0.8300000000000001,34.82,26.03,37.52,1082.7436924576136,12.579796577967048,10,1030,,3.58351893845611,3.112163937317729,0.5457967874180584,0.7463553227354401,-0.1831058380343838,21.4668,21.4668,1.0,7,5.152576324836492,1.0,0.17721117,0.8255127452624518,1.9644005501741229,0.3812462788188702,0.0,3.2863039332161685,1.0,7.47423954,34.817669797082004,5.157097331158055,1.000877426366257,0.0,17.769826068734204,1.0,7,7,1.0,km2,channel km; reach midpoint to receiving outlet,official_area_missing,included_landscape,True
06894000,49,12,True,4.019999980926514,4.456132640643996,0.4822620043035065,0.880000114440918,0.0204081632653061,0.1504905687000694,5.0,0.0482833693300962,49,2017.0,4,192.46128845214844,18.875,1.0,1.0,480.4541875350065,2.0821436773774367,0.6357415227829731,0.4251277604247746,2.4786531379171888,421.0966066133552,0.8764552740685054,58.69314713559004,0.139381667327187,1.6340122795785974,0.2507321660625451,0.1005014943645247,0.0,145853.67959215888,1788406.091160016,231,94,0.1956482062988597,4.0,0.1646097945496566,0.5551636783142502,35,0,4391187,primary_and_secondary_downstream_links,10300101,480.4416,1.0,classified,39.1005609,-94.3005038,0.6699999999999999,18.91,22.6,53.97,1076.8926175419826,12.814130883994032,10,1030,5.26507743277641,3.912023005428146,6.1768110814052575,0.7333979771188706,0.9077153231008248,-0.1318696037967383,480.44159999999994,480.44159999999994,1.0,231,32.05295251712175,0.8171045138472607,3.2183761499999997,0.669878742806618,17.413743268930826,0.5432804750086255,0.1394537492383019,2.1776106549807146,1.0,90.85389048,18.910496193501977,29.75597060167517,0.9283378991617198,0.0922622089590383,15.317271946312175,1.0,231,231,1.0,km2,channel km; reach midpoint to receiving outlet,area_consistent,included_landscape,True
06902000,32,8,True,6.305000066757202,6.6781250685453415,0.416626815507398,2.857499837875366,0.09375,0.1791040275027951,6.0,0.061817805682388,32,2020.5,48,2165.62890625,19.0,1.0,0.96875,17946.42914149733,1.4382450365659911,0.7403445181447048,0.3264752067880969,1.6743148993455272,14757.766224118111,0.8223232659690441,348.1591200376564,0.0235915866094065,1.6204978778190502,0.0352697008649919,0.1099240906117838,0.0,231566.79982410392,1848030.0030039032,7046,3052,0.1700616861402747,7.0,0.0970692091459686,0.4942053315797222,225,73,5969716,primary_and_secondary_downstream_links,10280103,17946.4122,3.0,classified,39.64002778,-93.2736944,2.42,18.04,73.54,4.52,992.4127733539148,10.87700493647194,10,1028,7.680927739179136,3.49650756146648,9.795202160344074,0.3634236457321864,0.5154040662913467,-0.1956216936331489,17946.4122,17946.4122,1.0,6944,151.70511222116863,0.0606352171048428,434.00610945000005,2.4183447065257986,102.20514313431389,0.6737092879593306,0.230413207282723,6.911907905798078,1.0,3237.85759734,18.041810035657157,147.2777573639509,0.9708160470507866,-0.0307234689261813,10.151540786836684,1.0,7046,7046,1.0,km2,channel km; reach midpoint to receiving outlet,area_consistent,included_landscape,True
06905500,25,7,True,6.010000228881836,7.121600008010864,0.4527333325386071,2.999999523162842,0.16,0.1479829680800458,1.0,-0.0249271541436671,25,1981.0,47,474.5,17.2,1.0,1.0,4897.542182766809,2.5656948648579987,0.4356902792333899,0.158675936773868,3.1220584080368603,4616.143623981438,0.9425429024837112,341.06043894955684,0.0738842780319281,2.1647906604255445,0.9656275553171076,0.0400446541864553,0.0,271786.2200170511,1838646.0049514563,2637,1119,0.2284819524245188,5.0,0.1002326737761828,0.4608174600265805,215,54,5816473,primary_and_secondary_downstream_links,10280202,4897.5525,1.0,classified,39.53994444,-92.79075,2.56,26.39,63.86,4.5600000000000005,1001.0590596953334,10.574885501927136,10,1028,6.164366881985445,3.258096538021482,8.496692926111672,0.942229344414034,1.138492530450224,-0.0591738408193527,4897.5525,4897.5525,1.0,2588,157.5144284934465,0.0930585430171499,125.09556714,2.5542465780611847,165.0361116691257,1.0477523440082324,0.0050064016524794,5.929009645977846,1.0,1292.2656462,26.385947801478395,131.49440962008663,0.8348086640555442,-0.0384610075510708,8.35165659376208,1.0,2637,2637,1.0,km2,channel km; reach midpoint to receiving outlet,area_consistent,included_landscape,True
06923150,37,12,True,1.600000023841858,2.514459458557335,0.8337582192895244,1.1000001430511477,0.0,0.2215016038310683,3.0,0.1777790036498287,37,1994.0,4,21.012903213500977,14.4,1.0,1.0,105.77779048002289,1.9549672826315712,0.6368980831834508,0.4038270761301953,2.272807024778091,115.6699549826991,1.0935183506649673,24.04735507630412,0.2078962949358881,1.4128883784798352,0.3014705578951748,0.1690168070317145,0.0,264325.05612202146,1621653.0593280331,72,31,0.2930671916980024,3.0,0.1612903225806451,0.3970928377451513,18,0,7397825,primary_and_secondary_downstream_links,10290110,105.7833,3.0,classified,37.5944,-92.9668194,0.02,48.53,45.91,4.23,1155.4482737941726,13.361721926023,10,1029,3.0916287911333113,3.6375861597263857,4.670749950593698,0.6703734580704758,0.8210156423565189,0.0894003425804946,105.7833,105.7833,1.0,71,12.592828670971697,1.0,0.02511018,0.0237373763155431,4.889284942401846,0.3882594665702361,0.0,0.0410353673277615,1.0,51.33834981,48.531620596067626,11.116299672962551,0.8827484247909481,0.0,3.582216110696052,1.0,72,72,1.0,km2,channel km; reach midpoint to receiving outlet,area_consistent,included_landscape,True
06923250,30,12,True,1.6500000357627869,2.4200000087420146,0.7067927903534362,1.5250000357627869,0.0,0.1252139554688607,9.0,0.1878870195556605,30,1994.0,2,360.9689025878906,14.95,1.0,1.0,872.4218774006584,1.332465177384024,0.7747897434782536,0.364090014156738,1.6813721594627515,963.6521144317676,1.1045712394362752,81.07920751826587,0.0841374250147061,2.139474738333382,0.3275816070111736,0.0424228029571429,0.0,268897.35088722187,1632221.1220492723,678,275,0.3152144703424335,5.0,0.1538632094355311,0.5151267933399989,69,5,7404139,primary_and_secondary_downstream_links,10290110,872.4357,3.0,classified,37.68430556,-92.9246389,0.13,44.98,47.290000000000006,6.27,1149.1653045528442,13.324138516469077,10,1029,5.891558303682431,3.4339872044851463,6.772418689284417,0.2870307434210904,0.5196102216319046,0.0994572410613108,872.4357,872.4357,1.0,661,50.95780822036512,0.452799902617465,1.14863247,0.1316581233436458,36.03344299774582,0.707123093715502,0.3458296537975647,0.3886442907010772,1.0,392.3966420100001,44.977141812284856,48.442809215263665,0.9506454635131588,0.0700319504511747,7.925586477072372,1.0,678,678,1.0,km2,channel km; reach midpoint to receiving outlet,area_consistent,included_landscape,True
06926510,24,6,True,4.505000114440918,4.935833364725113,0.3192568330223566,1.309999942779541,0.0,0.3408251513659159,7.0,,10,1981.0,47,2675.38720703125,17.25,0.4166666666666667,1.0,37905.781393762736,1.9158280345083012,0.6079438516419867,0.2419981565620321,2.4052830266000957,34885.79308702694,0.9203290844907176,797.2448321439416,0.0228529943451512,2.2939982755578745,0.8801590273060037,0.0614144521575614,0.0,329587.8138113565,1714045.879059326,19972,8120,0.2142153439774788,7.0,0.1370982647089024,0.4983337291054869,391,175,5987239,primary_and_secondary_downstream_links,10290111,37905.7455,3.0,classified,38.42144444,-92.20825,2.33,30.45,54.58,5.99,1100.970316103748,13.247002910428945,10,1029,7.892223106980652,3.218875824868201,10.542885303660029,0.6501499231763757,0.8776675792116755,-0.0830239723652463,37905.7455,37905.745500000005,0.9999999999999998,19663,392.9370538085776,0.0132864739462781,885.14000676,2.3351077655496844,373.2244705322039,0.9498327198076444,-0.0097478449767604,3.7573924156869567,1.0,11540.33877762,30.444827361646276,312.25519433560214,0.7946697602301455,0.0123685874254174,11.224175111700742,0.9999884064537892,19972,19972,1.0,km2,channel km; reach midpoint to receiving outlet,area_consistent,included_landscape,True
06929315,38,12,True,1.0,1.6894736933080774,1.2340420717926366,0.7750000059604645,0.0263157894736842,0.4197139959926635,4.0,0.2435243946729016,36,1994.0,4,9.767687797546388,14.275,0.9473684210526316,1.0,80.13037647780531,1.614677821797446,0.7054588916053872,0.4807092528611089,1.6118093545892775,82.73640380966484,1.0325223397968353,18.20566026855915,0.2200441332988232,1.5552648753137588,0.6298406802046581,0.1859956052066423,0.0,346837.987285275,1619854.8664256823,54,24,0.2995118836942887,4.0,0.2503639647093453,0.4224512549484049,9,1,7434715,primary_and_secondary_downstream_links,10290202,80.1342,3.0,classified,37.5574361,-92.0492806,0.0,86.62,9.15,2.98,1181.856384076969,13.16741450096989,10,1029,2.376549778940668,3.6635616461296463,4.3960574468227485,0.4791354456265219,0.4773573707065934,0.0320046822260871,78.24690000000001,80.1342,0.976448258047126,51,9.856965183285215,1.0,0.0,0.0,,,,0.0,1.0,67.53155481000002,86.30572560702086,9.569544409570804,0.97084084519221,0.0,,0.9382951326294104,54,54,1.0,km2,channel km; reach midpoint to receiving outlet,area_consistent,included_landscape,True
06930800,29,7,True,2.5999999046325684,3.772068989687953,0.7821558565567973,3.1100001335144043,0.0344827586206896,0.1944828478529178,7.0,,0,1981.0,47,,18.0,0.0,1.0,7339.687492838573,1.203400192661821,0.8737483073566178,0.4096058417199675,1.3797873927797528,7772.889079626181,1.0590218026598937,278.93217526194564,0.0358852638194806,2.6962131765933357,0.3050434072561182,0.0273882417964396,0.0,350146.4345015806,1662981.9973119155,5826,2384,0.3248094693849158,6.0,0.1479933027820711,0.5202693195166003,249,234,7447469,primary_and_secondary_downstream_links,10290203,7339.6998,3.0,classified,37.9200403,-91.9759959,0.14,58.63,33.5,5.199999999999999,1176.3394113962574,13.174981190998816,10,1029,,3.4011973816621555,8.901187781096839,0.1851510439020082,0.3219294240970813,0.0573456543770224,7336.1385,7339.699799999999,0.9995147894195892,5529,147.37639049270268,0.1377935817324059,10.44873765,0.1424283040730488,123.48565601327545,0.8378930682210582,0.1174512592556343,0.3639707014374078,1.0,4299.99935544,58.61393368513967,132.8536629219647,0.9014582490303488,0.0370566724400312,4.591373353335143,0.9960505921145592,5826,5826,1.0,km2,channel km; reach midpoint to receiving outlet,area_consistent,included_landscape,True
401707105395000,130,9,True,0.8999999761581421,1.06439615212954,0.5164854609479853,0.5143750458955765,0.0,0.4448836011976557,4.0,-0.129443983293519,81,2006.0,22,4.608333110809326,5.3375,0.6230769230769231,0.6307692307692307,3.462034212800652,1.4353885939118882,0.8010468192564848,0.6915439763073609,5.451505998213162,1.9093103784419276,0.5514995696409856,1.9093103784419276,1.0,1.107150226864331,,,0.0,-813067.2366019895,1960595.5503841836,7,0,0.0,1.0,0.0,,0,0,13318,primary_and_secondary_downstream_links,10190006,3.465,2.0,classified,40.28666667,-105.6641667,0.21,3.04,0.0,0.0,1035.215630483818,-1.1190884896232989,10,1019,1.7242535471852949,4.875197323201151,1.4956047635740986,0.3614356097037954,1.6958919004504338,-0.5951142206316122,3.465,3.465,1.0,7,1.0888776623376624,1.0,0.0072063,0.207974025974026,0.1775,0.1630118847501502,0.0,1.4764680792891318,1.0,0.10528848,3.0386285714285717,0.2233314567747582,0.2051024320723946,0.0,15.276613533834585,1.0,7,7,1.0,km2,channel km; reach midpoint to receiving outlet,area_consistent,included_landscape,True
401733105392404,409,12,True,1.065000057220459,1.387306784213609,0.6091811936397847,0.6499999761581421,0.0,0.5355417254427143,5.0,0.1131164458841639,406,2005.0,42,1.756129026412964,2.19,0.9926650366748166,0.9486552567237164,7.288044142122224,1.1020510131537735,0.8509051141327482,0.606015424754456,1.9657342173479424,5.3626715014796,0.7358176483160034,3.7485370040349775,0.6990055242057488,1.114494564615663,1.0,0.5116341247046535,0.0,-811473.7588329117,1961304.6071091949,12,1,0.1372110240414663,2.0,0.3619489559164733,0.4171710437572825,1,0,13288,primary_and_secondary_downstream_links,10190006,7.2882,2.0,classified,40.29305556,-105.6544444,0.19,12.6,0.0,0.0,1017.1625192626204,-0.558369343605421,10,1019,1.013827168605974,6.016157159698354,2.114814011531205,0.0971730010874142,0.6758658230376934,-0.306772951391162,7.288200000000001,7.288200000000001,1.0,12,2.384557668560138,1.0,0.01346823,0.1847950111138552,2.272449925491323,0.9529859375820804,0.0,0.957406055146617,1.0,0.91796796,12.595263027908125,1.2264830202897277,0.514344038083303,0.0,29.44561282890833,1.0,12,12,1.0,km2,channel km; reach midpoint to receiving outlet,area_consistent,included_landscape,True
402114105350101,298,12,True,1.9450000524520872,3.0935083927724185,0.7041328898578016,2.6275002360343933,0.0067114093959731,0.9192968858842522,5.0,0.3036618022016341,277,2013.0,31,19.05666732788086,4.95,0.929530201342282,0.9966442953020134,103.80621785966294,2.1368901170185017,0.5552907268816835,0.3749917886992146,2.7945782159933454,72.31974831489138,0.6966803126635579,23.26154166863178,0.3216485429034877,1.1605069923162412,1.0,0.2951428385698978,0.0,-804638.9027964366,1966605.9694357663,97,26,0.2504666920352474,3.0,0.4294233741559999,0.2890971452040192,13,13,13584,primary_and_secondary_downstream_links,10190006,103.8159,2.0,classified,40.3538611,-105.5841389,4.0,38.73,0.04,0.3299999999999999,902.0535900022924,0.7434650207124407,10,1019,2.998561633531452,5.700443573390687,4.6521131008489185,0.7593515557442888,1.0276811885981694,-0.3614286353278774,103.8159,103.8159,1.0000000000000002,90,13.791652560445938,1.0,4.15669815,4.0039128399407025,7.317009456597178,0.5305389926644578,0.0,15.055431510696986,1.0,40.207693860000006,38.729803296026915,12.30565128245022,0.8922535735668453,0.0,11.416922049760773,1.0,97,97,1.0,km2,channel km; reach midpoint to receiving outlet,area_consistent,included_landscape,True
07048600,152,12,True,2.4000000953674316,2.739342102878972,0.5739779151067586,1.81999996304512,0.006578947368421,0.1563319909433058,9.0,0.0837770160433293,152,2009.0,20,398.1388244628906,17.321428,1.0,1.0,1037.4625429384746,1.917065581441192,0.6101359429834794,0.2538957440137498,2.1752867197266363,894.6372267511538,0.8623320743871995,74.27891466290829,0.0830268542844453,1.4589189080072562,1.0,0.112390636548262,0.0,170995.68397534097,1450044.4201620864,518,234,0.225550311760872,5.0,0.1345088769088969,0.4865182190480634,63,9,8590894,primary_and_secondary_downstream_links,11010001,1037.4498,3.0,classified,36.07305556,-94.0811111,0.36,72.96000000000001,17.37,7.45,1331.3503835689553,14.326447554191905,11,1101,5.989309287360602,5.030437921392435,6.945496574238603,0.6507956739327991,0.7771604810141463,-0.1481148453950867,1036.2599999999998,1037.4498,0.9988531493282856,515,37.33254335591455,0.7535791210700019,3.7184103,0.3588298593017198,17.681292445699174,0.473616069420514,0.235555994008611,1.1915669787857768,1.0,755.75453319,72.93097612471774,40.36211819986701,1.0811510433422558,-0.0477042307689684,-3.2042164481593147,0.9965925119052608,518,518,1.0,km2,channel km; reach midpoint to receiving outlet,area_consistent,included_landscape,True
07048700,122,12,True,2.0799999237060547,2.635300557144353,0.9916989114366596,1.4000000655651093,0.0245901639344262,0.518340923519531,9.0,,0,2009.0,20,,18.1,0.0,0.9754098360655736,1064.0298847563422,1.64258553127947,0.6279532338343367,0.2371156318648649,2.0513602747643227,922.5551709222416,0.8670387778943843,83.1052203346795,0.0900815723048872,1.7658014051392743,1.0,0.1113077973499153,0.0,177518.10917459795,1452661.1519911538,541,244,0.2293168674072296,5.0,0.1331352763427081,0.4796278088215374,72,12,8590362,primary_and_secondary_downstream_links,11010001,1064.0169,3.0,classified,36.1058333,-94.0111111,0.38,72.23,17.93,7.56,1328.1950239957391,14.326290628181638,11,1101,,4.812184355372417,6.970758138553905,0.4962715438591711,0.718503121764762,-0.142671576680015,1062.8271,1064.0169,0.99888178467842,538,45.12014024289558,0.5739021897352824,4.06316889,0.3822982016548129,24.78434598304256,0.5492967408705028,0.3889434649527262,1.2576071075444093,1.0,767.34560826,72.19853617394588,48.50705315864907,1.0750643259865926,-0.0728838998518336,-2.890515736838111,0.9966890562453355,541,541,1.0,km2,channel km; reach midpoint to receiving outlet,area_consistent,included_landscape,True
07048780,31,11,True,1.6699999570846558,3.007741960787004,0.8798025789038795,4.335000038146973,0.0,0.5993417382720198,2.0,0.2200380361232407,31,2017.0,6,124.53677368164062,15.1,1.0,1.0,315.7666699418528,1.1690070278160918,0.8295331686656993,0.3968967516227346,1.577180688930348,251.90387012248337,0.7977531959559584,39.04186517628509,0.1549871590194376,1.3099700092432338,0.3565999294886322,0.026266464781917,0.0,179060.21004569344,1448196.200053755,138,61,0.1931806165965297,4.0,0.2788285539963393,0.5169042415053363,20,1,8588914,primary_and_secondary_downstream_links,11010001,315.7785,3.0,classified,36.04855556,-93.9742222,0.05,65.4,27.77,4.91,1254.2868275959463,14.406927701885309,11,1101,4.83259873303422,3.4657359027997265,5.758165445888587,0.1561546942905873,0.4556388790523556,-0.2259560076193885,315.7785,315.7785,1.0,138,22.46867506163339,1.0,0.1271043,0.0402510937255069,12.009353640592805,0.5344931825152207,0.0,0.18527995562998,1.0,206.51267142,65.3979518618272,24.513464934068185,1.0910062505610931,0.0,1.3468346891702083,1.0,138,138,1.0,km2,channel km; reach midpoint to receiving outlet,official_area_missing,included_landscape,True
07048800,120,12,True,1.7999999523162842,2.730680560568969,1.0340616655303545,1.806249976158142,0.0083333333333333,0.0680947492560482,9.0,0.1572224724348847,120,2007.0,14,93.43304443359376,16.675,1.0,1.0,362.0898286184499,1.8033849402493112,0.6268933356603739,0.3621856049257292,1.976279063379517,288.72707163233065,0.7973907268645625,44.38013581681484,0.1537096454652134,1.314568491535734,0.3286854371669426,0.0624884209978162,0.0,177896.6826879168,1452489.07896111,155,67,0.1850369568668576,4.0,0.2700477390977847,0.529794114228782,22,1,8590392,primary_and_secondary_downstream_links,11010001,362.0988,3.0,classified,36.10416667,-94.0075,0.04,62.73,30.2,5.039999999999999,1248.643178704697,14.400210676360066,11,1101,4.5478910588653445,4.795790545596741,5.894650265410055,0.5896654212942884,0.6812158157608041,-0.2264104733167454,362.0988,362.0988,1.0,155,25.240854274579203,1.0,0.17261055,0.0476694620363282,13.57446492821557,0.5377973653564811,0.0,0.2218676106543832,1.0,227.12924619,62.72576605887676,27.845955171262126,1.1032096960088469,0.0,2.416053704668087,1.0,155,155,1.0,km2,channel km; reach midpoint to receiving outlet,area_consistent,included_landscape,True
07049000,129,12,True,1.75,2.6100775072740956,1.2673805322342613,1.565000057220459,0.0155038759689922,0.1073757480281648,1.0,0.2198792902907364,126,2007.0,23,179.5916748046875,16.4,0.9767441860465116,1.0,685.698247515533,2.2101423484684717,0.5930868692318328,0.3162563773327538,2.68625029400706,583.8650966999866,0.8514898482174703,77.42128104252555,0.1326013174620501,1.6898545333635575,0.352190188679279,0.037061906282654,0.0,190898.6343509031,1463561.9181694088,323,153,0.2231302188015787,4.0,0.1677647936350074,0.4641863935744804,52,6,8588002,primary_and_secondary_downstream_links,11010001,685.6929,1.0,classified,36.2,-93.855,0.12,57.83,32.78,5.41,1234.0358292236406,14.41176035260271,11,1101,5.196238542493386,4.867534450455582,6.531894963585414,0.7930569245270641,0.9881462784234594,-0.1607677011847917,685.6929,685.6929,1.0,321,41.36502324575622,0.587329254831135,0.8236124999999999,0.120113902302328,35.729527772599376,0.8637618202297274,0.246974583442325,0.5161186031982028,1.0,396.51473952,57.82686965549738,46.36973306749012,1.120988928061278,-0.1192208136299528,1.7586810653708935,1.0,323,323,1.0,km2,channel km; reach midpoint to receiving outlet,area_consistent,included_landscape,True
07049050,23,10,True,1.159999966621399,2.088695655698362,0.7516252505323603,1.9800000488758087,0.0,0.1313530553296005,2.0,,0,2017.0,5,,20.2,0.0,1.0,806.1785299479166,2.521822065671117,0.5557425225288798,0.2978713813867267,2.9991575492643268,702.4998263841057,0.8713948589396086,95.0501289985962,0.1353027081698176,1.6942388223464682,0.5194005976327168,0.0693838640275932,0.0,183203.9096354191,1470905.4977509612,392,186,0.230718126432884,4.0,0.1666686018067997,0.4673506751543347,66,7,8587646,primary_and_secondary_downstream_links,11010001,806.1849,1.0,classified,36.26757447,-93.9432535,0.11,55.39,35.05,5.5600000000000005,1231.0673528936911,14.40048633110969,11,1101,,3.1780538303479458,6.693544870504191,0.9249816821874278,1.0983314323197666,-0.1376600650871325,806.1849,806.1849,1.0,390,51.926448818379,0.4689453994983036,0.90100404,0.1117614631581415,49.04639897230649,0.9445359751800873,-0.0339525774905355,0.4691931507701012,1.0,446.54131053,55.38944112324605,57.82999636365845,1.1136905696349089,-0.1210007069331536,2.3251340600742907,1.0,392,392,1.0,km2,channel km; reach midpoint to receiving outlet,official_area_missing,included_landscape,True
07049160,73,12,True,2.253333330154419,2.3011643845741063,0.286896615267986,0.8766666650772095,0.0,0.4143476024285945,8.0,,0,2015.0,12,,17.972221,0.0,1.0,863.9827175661904,2.38271844778278,0.5635663208075138,0.2796915394478874,2.8495231438083444,761.282529372905,0.8811316637413901,116.15189180523738,0.1525739621279838,2.1145222828049275,0.7297252347973535,0.0516517559787899,0.0,178120.84747031654,1465646.2845499385,431,202,0.2338009729743519,4.0,0.1659668355825559,0.5213421594487427,73,7,24972259,primary_and_secondary_downstream_links,11010001,863.9811,1.0,classified,36.22319444,-94.0104444,0.11,55.43000000000001,34.44,5.59,1229.3273265516063,14.391419969919856,11,1101,,4.30406509320417,6.762709527040017,0.8682420408143504,1.0471516623193629,-0.1265482161516047,863.9811,863.9811,1.0,429,68.8736254902451,0.2478637553529817,0.98995689,0.1145808502060982,65.21210340368458,0.9468370938730511,0.0221209103429153,0.4553762686127694,1.0,478.8261773100001,55.42090878029624,74.3875726210204,1.0800589063161232,-0.0414803813796303,2.8665269054670404,0.9977799489768224,431,431,1.0,km2,channel km; reach midpoint to receiving outlet,official_area_missing,included_landscape,True
07050500,29,12,True,1.5,1.7551724068049728,0.4637291414325633,0.8999998569488525,0.0,0.2288081289384076,7.0,0.1348198679872325,29,1994.0,2,638.774169921875,16.45,1.0,1.0,1369.7192130503563,1.2248226470348544,0.7166520144088466,0.2800705361557689,1.84639536718958,1147.5692072695706,0.837813470334508,133.45245519010086,0.1162914222033077,1.9963007599619549,0.4588356467364488,0.0595531172212047,0.0,211830.11102793377,1489514.4532047878,575,277,0.2022312291167491,5.0,0.1341957374615628,0.5336777828782349,65,8,8586784,primary_and_secondary_downstream_links,11010001,1369.7154,3.0,classified,36.4272222,-93.6208333,0.11,66.32,26.04,4.93,1232.979564539127,14.304945406831433,11,1101,6.461115254587086,3.4011973816621555,7.223090854101495,0.2027960555846229,0.6132352882240654,-0.1769597923763168,1369.4634,1369.7154,0.999816020174702,571,70.01019098746998,0.2707590432865894,1.58877108,0.1160141322506319,61.544768184630485,0.8790829922981557,0.1037868982218624,0.5156953158633049,1.0,908.1625653,66.31521260809161,72.61135480145664,1.0371540739612066,-0.0222895919990227,0.0658539696272697,0.99731050377716,575,575,1.0,km2,channel km; reach midpoint to receiving outlet,area_consistent,included_landscape,True
07053250,49,12,True,0.8149999976158142,1.290918369074257,1.2078497135066508,0.699999988079071,0.0204081632653061,0.3313732309542234,4.0,0.167085140389359,49,1995.0,14,38.09677505493164,17.5,1.0,1.0,138.1093153092761,1.6677091234753745,0.6559866818549406,0.3858383203502761,2.014113048772675,119.44934464827192,0.8648898474428185,28.58045511864615,0.2392684129226792,1.436852867971898,0.8984907341638346,0.1860909374521024,0.0,234672.8062341359,1493490.2552155056,64,30,0.2172192363188484,4.0,0.2158715506458353,0.4185341045377585,16,0,8586574,primary_and_secondary_downstream_links,11010001,138.1086,3.0,classified,36.45444444,-93.3561111,0.03,16.45,71.18,6.279999999999999,1177.205998234892,14.327785325878825,11,1101,3.666039984176193,3.912023005428146,4.935260065121879,0.5114509023238271,0.7001789241871337,-0.1451531241559345,138.1086,138.1086,1.0,64,15.709038047232395,1.0,0.0427248899999999,0.030935720150664,8.393442341922942,0.5343065766781111,0.0,0.1324496657221144,1.0,22.728285,16.45682093656731,16.54979503498108,1.0535205901991438,0.0,4.62294743542866,1.0,64,64,1.0,km2,channel km; reach midpoint to receiving outlet,area_consistent,included_landscape,True
07055646,56,12,True,0.6599999964237213,0.751785720033305,0.5410646978853885,0.1774999648332595,0.0,0.0474794649513485,9.0,0.0379160771629389,50,1995.0,22,59.76618957519531,14.6,0.8928571428571429,0.9821428571428572,154.034099119065,1.5864151332255167,0.7219711395430559,0.3951866626873354,1.87974935332162,132.16157228091484,0.8580020465387787,34.41419273406056,0.2603948495778469,2.8116690158840507,0.97408327588787,0.0378039009533233,0.0,232400.9538256419,1436254.1587127722,71,34,0.2207303460366833,4.0,0.1424924228015358,0.4478202621450556,20,0,11819355,primary_and_secondary_downstream_links,11010005,154.0359,3.0,classified,35.93888889,-93.405,0.02,92.42,4.1,2.42,1320.1626213019783,14.04751894729847,11,1101,4.107033541782099,4.04305126783455,5.043645087040594,0.4614768375283764,0.6311384452523305,-0.1531487942536877,146.6487,154.0359,0.9520423485693918,68,18.84696855955764,1.0,0.0305400599999999,0.0208253192834304,3.5348290857974747,0.1875542517422462,0.0,0.0888451454543033,1.0,134.9830485,92.04517223814464,19.045133299221604,1.0105144092026126,0.0,4.6461053753822625,1.0,71,71,1.0,km2,channel km; reach midpoint to receiving outlet,area_consistent,included_landscape,True
07055814,10,6,False,2.823333263397217,2.739833319187164,0.5610792175186308,2.556249976158142,0.0,,,,4,2016.0,2,104.5824737548828,15.924999,0.4,1.0,233.55196708701152,1.649797416704111,0.7249970068454992,0.4595044775314371,1.713472793875649,230.47494478971424,0.9868251064819724,29.5773536384999,0.1283321866742883,1.2625499570243242,0.8157945588048418,0.0592565063509673,0.0,264476.8880653098,1440591.634922257,132,64,0.274028948667156,4.0,0.1584966332348554,0.4222281527170026,28,0,11819177,primary_and_secondary_downstream_links,11010005,233.5536,3.0,classified,35.97896536,-93.0435069,0.06,81.63000000000001,11.75,4.41,1300.3124528241524,14.22709047960516,11,1101,4.659492389267634,2.3978952727983707,5.457677171381856,0.5006525026195994,0.5385221846900776,-0.0132624523299813,233.5536,233.5536,1.0,132,17.482478605339416,1.0,0.1338831899999999,0.0573243957703927,10.357002286246692,0.5924218481859606,0.0,0.2130036753600735,1.0,190.67495328,81.64076823478636,18.26579398878885,1.0448057395711725,0.0,-2.3169032937273784,0.981473416802758,132,132,1.0,km2,channel km; reach midpoint to receiving outlet,area_consistent,included_landscape,False
07055893,24,12,True,0.8950000107288361,1.4147916634877522,0.9955930791617246,0.8250000178813934,0.0,0.5127518459090584,2.0,0.1195644450481379,24,2002.0,5,22.840396881103516,13.975,1.0,1.0,117.18450053465416,2.365051004256919,0.5465653438222947,0.327564008674323,2.9939273405054445,117.34125943481855,1.0013377101873473,28.730377326559715,0.2448446306520089,1.326495058530498,0.2950156077643638,0.0441253209858078,0.0,288232.8410330474,1440080.4931255502,63,31,0.2645401043530717,4.0,0.1027696500861757,0.4840128650405588,20,0,11817633,primary_and_secondary_downstream_links,11010005,117.1827,1.0,classified,35.96701964,-92.775722,0.01,62.66,27.61,4.59,1261.3613383112834,14.587561992851011,11,1101,3.171381489755873,3.218875824868201,4.772246967225377,0.8607995879933428,1.0965860173347,0.001336816250205,117.18269999999998,117.18269999999998,1.0,63,15.441284647819176,1.0,0.00717516,0.0061230540002918,16.98570076764839,1.1000186289582672,0.0,0.022203709964056,1.0,73.42370856,62.65746442094269,16.50400070784207,1.0688230341102471,0.0,-1.3312096714664676,1.0,63,63,1.0,km2,channel km; reach midpoint to receiving outlet,area_consistent,included_landscape,True
07056000,95,12,True,1.100000023841858,1.5584736780116433,0.7507450640254915,0.8999999761581421,0.0,0.2097262142182412,4.0,0.1760974306876877,95,2000.0,11,491.4333190917969,16.55,1.0,0.9894736842105264,2148.3402531900074,1.381826704295418,0.7965922955282925,0.3097051172613945,1.6167222140292283,2038.9315687399608,0.9490729253489576,154.2391559356854,0.075647048827148,2.228822936105037,0.000177464703863,0.0306988349087259,0.0,291461.0713037109,1442021.768516661,1322,557,0.2592699174038782,5.0,0.1291564203998717,0.4877396831248327,109,12,11818755,primary_and_secondary_downstream_links,11010005,2148.363,3.0,classified,35.98305556,-92.7472222,0.06,82.86,10.38,4.2,1283.8593123552084,14.292655131375392,11,1101,6.199359058738712,4.564348191467836,7.672916215049465,0.3234063226170511,0.4804007748843557,-0.0522696389105144,2135.2698,2148.3630000000003,0.9939054992103288,1298,73.5760792266626,0.2273251839182102,1.29679974,0.0607323599106773,76.78628614547301,1.0436311224048902,-0.0407151989408844,0.2184887292634112,1.0,1767.1039208999998,82.75787541696135,75.64530981772326,1.0281236865678325,-0.01477870300796,2.135121785106904,0.9862861090897198,1322,1322,1.0,km2,channel km; reach midpoint to receiving outlet,area_consistent,included_landscape,True
07056515,60,12,True,1.1749999523162842,2.0011388937632244,0.8001360979832385,1.7762500643730164,0.0,0.4882066186254584,3.0,0.3165407176618234,60,2001.0,5,43.78333282470703,15.700001,1.0,1.0,203.3916264685546,2.1926150772326993,0.5604373003903761,0.2414103273965106,3.1840081483983567,186.13229514809063,0.9151423703122198,38.15602709543285,0.2049941256302412,1.3307565611705707,0.1685287290477839,0.1068640620019099,0.0,293883.76832895796,1437075.7567731347,104,47,0.2310812928538454,4.0,0.1438690199721318,0.4350204314811145,25,0,11817935,primary_and_secondary_downstream_links,11010005,203.3946,1.0,classified,35.94,-92.7133333,0.05,64.66,27.23,4.79,1279.2814309760283,14.455264498308628,11,1101,3.8018360350359,4.110873864173311,5.320037891093899,0.7850949306520182,1.1581408271492,-0.0886756298407739,203.2479,203.39460000000005,0.999278741913502,102,17.978568135021323,1.0,0.10530144,0.0518093618679455,12.89367921464322,0.7171694162633007,0.0,0.2057111827031376,1.0,131.35924782,64.63006398590096,19.531097019109897,1.0863544233572375,0.0,3.1499478818076625,1.0,104,104,1.0,km2,channel km; reach midpoint to receiving outlet,area_consistent,included_landscape,True
07060710,182,12,True,0.9950000047683716,1.124010986515454,0.597885591791558,0.3399999737739563,0.0,0.1078382449118142,4.0,0.0567766483663012,182,2017.0,52,23.74193572998047,15.15,1.0,0.989010989010989,152.3925539347668,1.3942883009702634,0.7872750888098718,0.4510195263544053,1.583963074230473,171.28791594980157,1.123991373116059,26.58730744031646,0.1552199832246675,1.518927088311345,0.0768939979329107,0.1097900309789469,0.0,338665.8222908012,1444789.895871052,95,43,0.2821660172347173,4.0,0.1970277487518866,0.5579099064818788,20,0,11834118,primary_and_secondary_downstream_links,11010004,152.3835,3.0,classified,35.99166667,-92.2138889,0.01,93.92,1.83,3.44,1264.0422706889944,14.78777571637379,11,1101,3.2084996068291693,5.209486152841421,5.0330003475644745,0.3323841065720492,0.4599299813973254,0.1168860762783964,149.42069999999998,152.3835,0.980556950063491,90,14.420081094185749,1.0,0.00984483,0.0065886654258747,4.3567324316417855,0.3021295374960438,0.0,0.0208943209632365,1.0,140.14829808,93.7944328195491,14.504543278696485,1.0058572614092158,0.0,,0.933421737389912,95,95,1.0,km2,channel km; reach midpoint to receiving outlet,area_consistent,included_landscape,True
07061600,36,12,True,0.699999988079071,0.8429166732562913,0.6995068945683841,0.2174999862909317,0.0,0.2005110968510642,4.0,,7,1994.0,31,318.2903137207031,16.400002,0.1944444444444444,1.0,1285.3502962519465,1.3684588606724932,0.7412419976274136,0.3268448816850597,1.338808822290486,1194.905456075264,0.9296340924023454,83.87309154674824,0.0701922408340441,1.5567793839671114,0.8352049691494724,0.076810280559963,0.0,459401.42197659425,1599573.350552729,808,334,0.2598513424503318,5.0,0.1361003641755491,0.4835349289928251,74,20,7668920,primary_and_secondary_downstream_links,110100070502,1285.3494,3.0,classified,37.325194,-90.764667,0.52,89.73,4.09,3.27,1214.7540562678687,13.15722382043928,11,1101,5.7661007632778265,3.610917912644224,7.159564259814393,0.3136851874263449,0.2917802800334165,-0.0729642192859493,1281.6567,1285.3494,0.9971270846666284,805,47.98724109115958,0.5146850946903332,6.648962040000001,0.5187787057173736,29.867473974183635,0.6224044828383758,0.3963586762859857,1.434318698367238,1.0,1149.57087669,89.69413390418823,47.86907569686045,0.9975375664111495,0.0033663622626737,-8.752930605112994,0.9966022450455256,808,808,1.0,km2,channel km; reach midpoint to receiving outlet,area_consistent,included_landscape,True
07065495,37,12,True,0.800000011920929,1.3864864731157147,1.0230482807574677,0.5000000596046448,0.0,0.2657616557431881,5.0,0.3402789133143137,37,1994.0,4,281.32257080078125,15.3,1.0,1.0,786.5154342791456,1.8371569476983507,0.6816170803867394,0.3357643955787285,2.405685776083376,852.1888656169167,1.083499227701694,82.10859087307314,0.0963502272628651,1.6198747905712725,0.1913072457787656,0.0216192789687018,0.0,400969.90622567554,1576917.467473694,462,220,0.2797147905961104,5.0,0.158465859326309,0.5046706051116064,66,4,7518879,primary_and_secondary_downstream_links,11010008,786.5262,1.0,classified,37.14816667,-91.4430833,0.19,69.03999999999999,21.96,4.13,1219.120153755719,13.371868202523013,11,1101,5.643050285307353,3.6375861597263857,6.6688829695923575,0.6082192395450002,0.8778350088919497,0.0801958292129372,786.0996,786.5262,0.999457615016512,460,49.56680633446449,0.4636645280063748,1.48592016,0.1890244137002486,31.635226906218826,0.6382341176623763,0.3020894678206958,0.519519957348762,1.0,542.59301538,69.02344376972079,49.6068456823999,1.0008077855100297,-0.0253953818334228,6.438480602242677,0.9987268694208724,462,462,1.0,km2,channel km; reach midpoint to receiving outlet,area_consistent,included_landscape,True
07083000,27,12,True,0.8433333039283752,1.1737488673792944,0.8751971064676126,0.7680702209472656,0.0,0.5146491669451339,5.0,-0.0461870616417124,27,2001.0,21,9.492902755737305,6.85,1.0,1.0,65.17203885705756,1.4481397181860145,0.6198106104421153,0.3240449063318477,1.9878131144060112,34.545433537948526,0.5300652571836421,19.13806590325556,0.5539969814601456,1.3313210016940915,0.7766273807277726,0.5271807214371267,0.0,-884337.9821177004,1845907.933078032,12,4,0.0613760144710715,2.0,0.3772888714430009,0.5709965254087539,4,0,916821,primary_and_secondary_downstream_links,11020001,65.1681,2.0,classified,39.17221259,-106.3891926,3.04,31.04,0.0,0.01,842.3592260225994,-0.8985960786973858,11,1102,2.3506991005961204,3.332204510175204,4.19225799995758,0.3702797797685744,0.68703509697744,-0.6347551532538583,65.16810000000001,65.16810000000001,1.0,12,13.253300052479664,1.0,1.9807551,3.0394550401193214,11.50106698715808,0.8677889236353821,0.0,15.5017474240437,1.0,20.227004549999997,31.038198980789673,9.946957067375555,0.7505268143019598,0.0,21.419923279606024,1.0,12,12,1.0,km2,channel km; reach midpoint to receiving outlet,area_consistent,included_landscape,True
07097000,16,7,True,3.649999976158142,4.144791662693024,0.4202199348521441,2.9725000262260437,0.0,0.6136644386008798,2.0,,16,1981.0,23,476.0,18.125,1.0,1.0,10246.924111230435,1.6494373955922943,0.638738115900448,0.2408524862471019,2.0446844763418266,7116.402623372668,0.6944915904640324,242.2539260110713,0.0340416273266253,1.493520861508303,0.7196559764341335,0.1193699090035229,0.0,-778340.8445123364,1743190.5613740094,2753,1103,0.107642058048535,6.0,0.1498882183425299,0.4813759558039931,158,30,949993,primary_and_secondary_downstream_links,11020002,10246.9509,3.0,classified,38.38833418,-105.0160961,2.45,44.3,1.38,1.81,476.9909212626098,4.861446540253935,11,1102,6.1675164908883415,2.833213344056216,9.234830438321833,0.5004342573998873,0.7152434872933974,-0.3645752256241425,10246.869900000002,10246.9509,0.9999920952095128,2732,110.54273663489178,0.160757920816385,250.77681846,2.4473504680683025,144.7139542614736,1.3091222333263275,-0.085729032039725,6.281448806909891,1.0,4538.6574714,44.29311112264634,109.2973222250199,0.9887336387013348,0.003625384551196,-3.738209724137917,0.9994417334262824,2753,2753,1.0,km2,channel km; reach midpoint to receiving outlet,area_consistent,included_landscape,True
07099200,120,7,True,2.524999976158142,2.6675416658322018,0.2333204042395749,0.6524999141693115,0.0,0.0869257902577155,4.0,,0,2014.0,25,,17.2,0.0,1.0,10904.135337560703,1.6494373955922943,0.6589033105111973,0.2477232560398971,1.8775531206012337,7567.377530539975,0.6939915267259352,252.26716039200636,0.0333361404758678,1.478808199333864,0.6185605663442848,0.1065372194648101,0.0,-772658.8735989259,1737024.2481156485,2980,1177,0.1079406998871034,6.0,0.1498017644747651,0.4813359006759824,165,32,952465,primary_and_secondary_downstream_links,110200020603,10904.1579,3.0,classified,38.33722178,-104.93889055,2.41,44.14,1.31,1.86,477.4009201091176,4.997791219589828,11,1102,,4.795790545596741,9.296989089155757,0.5004342573998873,0.6299693975188799,-0.3652955278784906,10904.0769,10904.1579,0.9999925716409518,2955,115.5546973063167,0.1370516013143671,262.73093958000004,2.4094743827421103,149.67250852941538,1.2952524823171656,-0.0592585555745959,6.284560994809351,1.0,4812.54713082,44.1353007224298,115.11632699723334,0.9962063826109872,-0.0211977758194675,-3.7835359625643648,0.9994744537169624,2980,2980,1.0,km2,channel km; reach midpoint to receiving outlet,area_consistent,included_landscape,True
07099400,121,7,True,2.4000000953674316,2.540495868556756,0.231601722656768,0.559999942779541,0.0,0.230370682152134,7.0,0.0098150081067956,27,2014.0,25,498.6333312988281,16.725,0.2231404958677686,0.9917355371900828,11949.16459306108,1.831936235256324,0.6210410797616321,0.254108953812128,2.0231538966862206,8578.66509724039,0.7179301138944935,276.6606141874646,0.0322498443582395,1.4572624417705318,0.6466224951314697,0.112301757006733,0.0,-754403.5249834907,1727880.322733013,3481,1371,0.1147360545017636,6.0,0.1429051499621944,0.4656521912387644,189,35,950993,primary_and_secondary_downstream_links,11020002,11949.1956,3.0,classified,38.2716694,-104.718033,2.25,41.48,1.2,2.0,469.3464585308715,5.505085001186592,11,1102,6.213874491996444,4.804021044733257,9.388500330742716,0.6053734595634002,0.7046576287900512,-0.3313830490799973,11949.1146,11949.1956,0.9999932213010224,3441,130.3470566112196,0.1072788355381577,268.684164,2.2485696471603007,170.8512135883573,1.3107408638919071,-0.0491050609200154,5.684181437965906,1.0,4957.15390182,41.48553317766322,136.84120425657338,1.0498219738457433,-0.0896106076205529,-4.322675344029946,0.9995351955009588,3481,3481,1.0,km2,channel km; reach midpoint to receiving outlet,area_consistent,included_landscape,True
07143672,106,12,True,6.894999980926514,6.984984269681966,0.4267926540670522,4.777500033378601,0.160377358490566,0.2825771032488471,7.0,0.1569423370592715,106,2018.0,16,35.69055938720703,17.900002,1.0,1.0,1996.9772212629875,1.3702261366590611,0.7569109323608776,0.294232511154235,1.7805837897758032,2026.0093813162548,1.0145380526849004,124.69696832226651,0.0615480705431154,1.6318829719395498,0.5443924878761889,0.1805965565810903,0.0,-134018.37282127142,1666836.9419865168,970,413,0.2068125743261099,6.0,0.1658199355349963,0.5883997073600775,61,29,21176300,primary_and_secondary_downstream_links,11030012,1996.9776,3.0,classified,38.02853056,-97.5405417,0.43,3.48,66.0,6.17,798.1050458459694,13.225232318613296,11,1103,3.6025194845635053,4.672828834461906,7.599890558374234,0.3149757894733825,0.5769412823171639,0.0144333883874907,1996.9776,1996.9776,1.0,960,63.6192544101396,0.3096611599449088,8.59672134,0.4304866183776923,51.73655126368618,0.8132215905919269,0.1153389703954798,0.3417144298822219,1.0,69.42801537,3.476654689066116,55.18042515595539,0.8673541629428585,0.1124230081510516,5.41104168963372,1.0,970,970,1.0,km2,channel km; reach midpoint to receiving outlet,area_consistent,included_landscape,True
07144100,186,12,True,5.085000038146973,5.8665040039247085,0.4410421488849605,4.149874985218048,0.064516129032258,0.4011927038554931,6.0,0.1469921635705739,186,2018.0,16,65.23064422607422,15.1,1.0,0.5967741935483871,3242.61369776681,1.638770841457735,0.6884015539123881,0.352836367595273,2.0533651907959496,3135.560092967745,0.9669853967270928,154.16723625605246,0.0491673677700548,1.6114738940989046,0.683374722560454,0.1895598684233107,0.0,-123380.86553021742,1650375.8326810617,1448,624,0.1924373539869239,6.0,0.1436571174522528,0.5659782227271868,74,35,21177172,primary_and_secondary_downstream_links,11030012,3242.6244,3.0,classified,37.88306739,-97.4244864,0.38,3.33,68.46000000000001,7.09,812.5921061890305,13.284764971730064,11,1103,4.1931432595532225,5.231108616854587,8.084443326075053,0.4939464739143577,0.7194800037549898,-0.0335718852694578,3242.6244,3242.6244,1.0,1436,71.68953429708048,0.3221057610002564,12.408989939999998,0.3826835429968391,67.27540475871562,0.938427141679108,0.0054055199058187,0.4514907181196232,1.0,108.18866916,3.3364539278739773,68.24783647157591,0.9519916280772278,-0.0061029662025909,6.257842489325968,1.0,1448,1448,1.0,km2,channel km; reach midpoint to receiving outlet,area_consistent,included_landscape,True
07144780,74,12,True,4.349999904632568,5.933186945077535,0.6849400577344158,6.440625071525574,0.2162162162162162,0.2793042786062447,5.0,0.2823691916092821,74,2020.0,14,80.65806579589844,18.7,1.0,1.0,2014.85130077867,2.3892097663324168,0.5497323947229089,0.2609866407542265,1.6614234581854923,688.196124336736,0.3415617440705287,82.87500723046271,0.1204235308798568,1.5251749490766484,0.2434571228747092,0.1818504587345226,0.0,-175475.0452711717,1649321.966083633,295,124,0.0615430031745163,4.0,0.043067561016824,0.3803459604929697,45,0,21159337,primary_and_secondary_downstream_links,11030014,2014.8579,1.0,classified,37.8621972,-98.0137806,2.45,1.32,54.41,4.140000000000001,727.0439999447783,13.443816175279332,11,1103,4.402540599545498,4.31748811353631,7.608796866936501,0.8709626695674821,0.5076747398521615,-1.074226813764971,2014.8579,2014.8579,1.0,293,62.57828605848582,0.3579380461520389,49.33881612,2.4487491708472344,63.83739828362524,1.0201205930114905,-0.110712035290066,7.186417558499636,1.0,26.58146886,1.319272632576223,38.37361170365041,0.613209694937735,0.4123321773573477,4.381059743459424,1.0,295,295,1.0,km2,channel km; reach midpoint to receiving outlet,area_consistent,included_landscape,True
07159720,47,12,True,8.699999809265137,9.2117021540378,0.2883951064678411,3.5,0.425531914893617,0.1237047295772912,9.0,-0.055305983135422,45,1980.0,7,30.19354820251465,16.0,0.9574468085106383,0.9787234042553192,242.22418128781712,2.6234364597123796,0.5804932216823643,0.3856180509007286,3.079772702444324,245.55771780230756,1.0137621954041387,42.33890545100709,0.1724193636833402,1.4583698239587946,0.2742454267447715,0.2740228936919249,0.0,-137988.2346863856,1415469.2466175244,122,48,0.1981635348907016,4.0,0.1451084484161644,0.4171833664521009,27,0,254170,primary_and_secondary_downstream_links,11050002,242.2161,1.0,classified,35.7767158,-97.5461539,0.11,4.63,41.83,5.37,892.5486094326817,15.721844290710784,11,1105,3.44021128505083,3.871201010907891,5.493983574786619,0.9644850841876654,1.1248557963545966,0.0136683563668779,242.2161,242.2161,1.0,121,22.87179158321846,1.0,0.26137638,0.1079104072768077,21.241937564863356,0.9287395562160088,0.0,0.0109459666992263,1.0,11.20733757,4.626999431499392,18.03397596280577,0.78848112519693,0.0,12.317012314489368,1.0,122,122,1.0,km2,channel km; reach midpoint to receiving outlet,gross_area_mismatch,mapping_discrepancy_excluded,False
07186480,41,12,True,1.2999999523162842,1.912926832350289,0.6741336573072472,0.7799999713897705,0.0,0.194994451695716,8.0,,0,1994.0,31,,17.5,0.0,1.0,769.15667180041,3.9049790048301767,0.4362468813427263,0.2489663675140015,4.570883825075689,440.6738888173722,0.5729312440154241,102.17583863470664,0.231862702164891,1.455711925029042,0.3905115464516787,0.1930015800738737,0.0,122938.8253055768,1569107.4858026106,180,62,0.0806077646766984,5.0,0.2620497031081666,0.5212763919683341,37,7,7590365,primary_and_secondary_downstream_links,11070207,769.1526,1.0,classified,37.1556146,-94.6030068,1.02,21.35,64.42,11.05,1195.017433328101,13.88486181517294,11,1107,,3.737669618283368,6.646593964021205,1.3622524067932462,1.5197065833792145,-0.5569895624594117,769.1526,769.1526,1.0,179,51.40315857626951,0.4598579007598752,7.85331981,1.0210353329105304,32.34701540029477,0.6292806958992576,0.3878016599170508,4.429917430421153,1.0,164.26879353,21.357113468770695,47.56938786427553,0.9254176043227844,0.0799793796777196,10.78761957292378,1.0,180,180,1.0,km2,channel km; reach midpoint to receiving outlet,area_consistent,included_landscape,True
07189000,48,12,True,0.949999988079071,1.1583333301047485,0.475089302296424,0.5074999630451202,0.0,0.1563717454704978,6.0,0.0690956459050241,48,1995.0,33,616.1612548828125,17.95,1.0,1.0,2221.9572896191235,1.0347579016386328,0.927841043427636,0.3559849170785999,1.0906632983823688,1368.0420374531584,0.615692319489931,116.52224811106107,0.0851744646151275,1.7698745552453226,0.0530815282243277,0.0159952640454953,0.0,121223.2487682119,1510671.1512885748,619,253,0.1138635747779688,5.0,0.177837437511572,0.5635095763711361,43,3,7601075,primary_and_secondary_downstream_links,11070208,2221.9641,3.0,classified,36.63146127,-94.5868886,0.21,53.64,34.269999999999996,9.45,1198.116815306342,14.085452685188258,11,1107,6.4251303428912045,3.8918202981106265,7.706593700832762,0.0341674878955217,0.0867860417873979,-0.4850079215784929,2221.9640999999997,2221.9641,0.9999999999999998,615,66.3830037371666,0.2646362738263863,4.641192719999999,0.2088779346164953,45.54448363677517,0.686086514209294,0.2956535044442303,1.1677063223397222,1.0,1191.93036309,53.643097253011426,62.63823613980729,0.9435884580910778,0.0498057967308013,-0.7772365723621846,1.0,619,619,1.0,km2,channel km; reach midpoint to receiving outlet,area_consistent,included_landscape,True
07196500,28,12,True,1.25,1.483928559081895,0.4752364631108426,0.6000000238418579,0.0,0.1806756096646503,2.0,0.1231320007065126,28,1994.0,2,1187.693603515625,16.75,1.0,1.0,2460.307080685737,1.316875384576164,0.7201140453696999,0.2631789069434593,1.7468842282290806,2201.4772915510257,0.8947977709097311,170.51977665274427,0.0774569773248065,2.8389061104270144,0.992691339361915,0.0255703340172401,0.0,96300.64829512453,1430764.9099149047,1237,529,0.2150138103299516,6.0,0.1137736815156169,0.4923519286664984,121,11,400380,primary_and_secondary_downstream_links,11110103,2460.294,3.0,classified,35.9255472,-94.9217028,0.56,38.35,42.39,16.01,1212.0803761641837,14.56160058136156,11,1111,7.080610170896661,3.367295829986474,7.808447821430774,0.2752617976132279,0.5578337600545394,-0.1111575405296017,2458.8738,2460.294,0.9994227519150152,1225,109.20545160778484,0.1010613883477875,13.633942049999998,0.5544791298357808,71.12426088166116,0.6512885559697733,0.2511861012181521,1.6039082367723383,1.0,941.915376,38.30677995755618,94.7549813895522,0.8676762926622746,0.0903091863693196,3.962444888536524,0.998977629237907,1237,1237,1.0,km2,channel km; reach midpoint to receiving outlet,area_consistent,included_landscape,True
07221500,55,12,True,4.199999809265137,4.936363638531078,0.5616320954858224,3.0999999046325684,0.0727272727272727,0.5322412508591663,7.0,-0.0568549451942235,55,1977.0,5,15.419354438781738,15.0,1.0,1.0,15410.002233098769,1.5026064290358123,0.7845215714527812,0.3714485631299168,1.522031176148494,8554.01895692558,0.5550952444739178,254.0113077360679,0.029694966660135,1.6226835279819654,0.6777042707710309,0.0695220868813527,0.0,-751730.2340071258,1431924.2040009398,2795,1157,0.0750811052781619,6.0,0.159489566004759,0.4467125223669667,99,25,20052023,primary_and_secondary_downstream_links,11080003,15410.0079,3.0,classified,35.6548333,-104.3786111,1.37,31.320000000000004,0.78,0.75,461.4725262732627,8.996485112593783,11,1108,2.798460787708272,4.02535169073515,9.64283696403828,0.4072012195513916,0.420045742901516,-0.5886155682945831,15410.0079,15410.0079,1.0,2782,170.67671228857384,0.0321385104546247,211.12452081,1.3700481023763784,187.49729797214152,1.098552318345153,-0.0293288121414011,3.725570099988393,1.0,4826.692761570001,31.32180588674455,200.87511721551192,1.1769333643823636,0.0003790129331592,-3.221368845058695,0.9997889503257414,2795,2795,1.0,km2,channel km; reach midpoint to receiving outlet,area_consistent,included_landscape,True
07227140,50,12,True,3.0500000715255737,3.9469999897480017,0.953054775612564,2.575000047683716,0.06,0.3505118412392131,7.0,,0,1978.0,6,,13.25,0.0,1.0,31343.52486489217,1.6457780307889869,0.7013708169261185,0.2372932820418181,1.9747445149173175,15936.542874896191,0.5084476919424811,497.4642458602957,0.0312153175105448,2.2455249005731757,0.9759993283560624,0.028518473433719,0.0,-633499.9724975327,1394548.077065249,5382,2196,0.0700623177982045,6.0,0.1529530444795951,0.4977573625551145,183,70,20031461,primary_and_secondary_downstream_links,11080006,31343.5413,3.0,classified,35.39005137,-103.0438341,0.88,16.639999999999997,1.0,0.72,434.8998968067063,11.280656612326236,11,1108,,3.9318256327243257,10.352794885350788,0.498213239448654,0.6804390304498834,-0.6763929361544853,31343.5413,31343.541299999997,1.0000000000000002,5356,295.04456947721803,0.0331900530971591,273.25929555,0.8718201078000078,365.9289620495315,1.2402497788653142,-0.0150527130296438,2.844497636983234,1.0,5217.76110033,16.647005679380587,429.5702675762902,1.4559504292434011,-0.0331889013272937,0.284894725093757,0.999886268473596,5382,5382,1.0,km2,channel km; reach midpoint to receiving outlet,official_area_missing,included_landscape,True
07231975,16,10,True,7.699999809265137,8.00520832836628,0.3712608906594839,3.187499761581421,0.125,0.1385098196701752,6.0,,16,1980.0,2,21.70763397216797,23.125,1.0,1.0,358.1305257251428,1.4624454863297929,0.7496613557309094,0.3977437623340657,1.5598976146744314,411.3091748756654,1.1484895738581526,54.7831746454453,0.1331922018564397,4.514417836462075,0.9282621194503686,0.1420929070446599,0.0,32151.29373499749,1304966.4622562174,330,93,0.2596818570874225,4.0,0.172279333569656,0.5058916174012645,37,10,516543,primary_and_secondary_downstream_links,11090204,358.1145,3.0,classified,34.8014871,-95.6547065,0.83,64.01,22.63,2.06,1204.5321606745124,16.369586098617884,11,1109,3.122701166285138,2.833213344056216,5.883685903815659,0.3801100251247552,0.4446201874886425,0.1384476650545716,358.1145,358.11449999999996,1.0000000000000002,299,30.519200159585825,0.9937447380656186,2.94574086,0.8225695580603409,12.982294241060636,0.4253812083270801,0.0062552619343814,1.692719403572963,1.0,229.25475224999997,64.01716552946054,32.15316282487283,1.05353884298222,0.0031147898921057,4.4394257587676265,0.994971303046292,330,330,1.0,km2,channel km; reach midpoint to receiving outlet,area_consistent,included_landscape,True
07231990,15,10,True,10.0,10.152222283681231,0.3026359419731953,3.200000286102295,0.5333333333333333,0.3234233211991805,3.0,,15,1980.0,2,10.141071319580078,21.75,1.0,1.0,349.20634656395674,1.3861626364781576,0.7056821018086593,0.2943225184621387,1.6244176190023871,395.11304069314383,1.131460079637411,52.79012800843238,0.1336076579902881,2.0660122919049404,0.998836801626198,0.0983561814499858,0.0,32352.53670978812,1310065.2359506646,226,92,0.2634545474480668,4.0,0.1583851494365576,0.5222703793222702,32,3,516065,primary_and_secondary_downstream_links,11090204,349.2171,3.0,classified,34.8520423,-95.6544294,0.51,43.74,23.74,6.970000000000001,1137.3291964070297,16.33388360043997,11,1109,2.4106383985987487,2.772588722239781,5.8585225423715945,0.3265392362199711,0.4851493632390403,0.1235089045476466,349.2171000000001,349.2171,1.0000000000000002,222,31.125745842342763,0.974444550395728,1.77471396,0.5081978975256365,25.396229864110047,0.8159235763456498,0.0224744685993106,0.907425879124086,1.0,152.77093677,43.74669418250136,30.591866411149557,0.9828476582088218,-0.0068813247244763,15.47662688772894,1.0,226,226,1.0,km2,channel km; reach midpoint to receiving outlet,area_consistent,included_landscape,True
